Freq (Hz)	Amplitude
3.332222592469176459e-02	2.773918410738618832e+02
6.664445184938352917e-02	2.541018582729642503e+02
9.996667777407529376e-02	1.919255290750549250e+02
1.332889036987670583e-01	7.858029820748973293e+01
1.666111296234588091e-01	5.499656537113793320e+01
1.999333555481505875e-01	1.620106359129797511e+02
2.332555814728423660e-01	2.226260410904297373e+02
2.665778073975341167e-01	2.351073416390065063e+02
2.999000333222258674e-01	2.030355687589598688e+02
3.332222592469176181e-01	1.247133899386710141e+02
3.665444851716094243e-01	4.152452987182165600e+00
3.998667110963011750e-01	1.250999071483363707e+02
4.331889370209929258e-01	2.274609315469070054e+02
4.665111629456847320e-01	3.229988977005858146e+02
4.998333888703764827e-01	5.493963840139213062e+02
5.331556147950682334e-01	1.935902438122633157e+03
5.664778407197600396e-01	1.748372184560588266e+03
5.998000666444517348e-01	4.115335974108370465e+02
6.331222925691435410e-01	3.721751593659614343e+01
6.664445184938352362e-01	1.003090128516264770e+02
6.997667444185270424e-01	1.006905037177436242e+02
7.330889703432188487e-01	4.281504158688510131e+01
7.664111962679105439e-01	1.364794236336644495e+01
7.997334221926023501e-01	4.608394279980299757e+01
8.330556481172941563e-01	5.830257795885632532e+01
8.663778740419858515e-01	5.817543343262680366e+01
8.997000999666776577e-01	4.827530652952594892e+01
9.330223258913694639e-01	3.012036903197493487e+01
9.663445518160611591e-01	1.310207244351038014e+01
9.996667777407529654e-01	6.102836707298499697e+00
1.032989003665444772e+00	7.508109632828440461e+00
1.066311229590136467e+00	8.310205249442168096e+00
1.099633455514828162e+00	2.174553921965226344e+00
1.132955681439520079e+00	6.837055927792844656e+00
1.166277907364211774e+00	8.125029473028707372e+00
1.199600133288903470e+00	1.933205130595535337e+00
1.232922359213595387e+00	1.726297880034168841e+01
1.266244585138287082e+00	2.677420450755306192e+01
1.299566811062978777e+00	2.657478577745927595e+01
1.332889036987670472e+00	2.097154799461569397e+01
1.366211262912362390e+00	1.410379855374710978e+01
1.399533488837054085e+00	9.232333801592258027e+00
1.432855714761745780e+00	5.988095749652712740e+00
1.466177940686437697e+00	3.872807102813625946e+00
1.499500166611129393e+00	4.594852506698305028e+00
1.532822392535821088e+00	6.742122339619503357e+00
1.566144618460513005e+00	8.066315230313664486e+00
1.599466844385204700e+00	7.026229351500482778e+00
1.632789070309896395e+00	1.970325384931772561e-01
1.666111296234588313e+00	8.102088570287437008e+00
1.699433522159280008e+00	8.285087622584793365e+00
1.732755748083971703e+00	9.460101307376945101e+00
1.766077974008663620e+00	7.815247555773696675e+00
1.799400199933355315e+00	2.948951367743103624e+00
1.832722425858047011e+00	2.342861822097030977e+00
1.866044651782738928e+00	4.804342951618127522e+00
1.899366877707430623e+00	3.939096529532268853e+00
1.932689103632122318e+00	2.299923886566815234e+00
1.966011329556814013e+00	5.217311456903694911e-01
1.999333555481505931e+00	1.192633251639594105e+00
2.032655781406197626e+00	2.175237767901941233e+00
2.065978007330889543e+00	2.829854989881147809e+00
2.099300233255581016e+00	2.267194918881322963e+00
2.132622459180272934e+00	1.148421115355346078e+00
2.165944685104964851e+00	4.112651722602425508e+00
2.199266911029656324e+00	1.928735882654354583e+00
2.232589136954348241e+00	6.119089943577675328e+00
2.265911362879040158e+00	5.081007452115201772e+00
2.299233588803731632e+00	2.994923041101562600e+00
2.332555814728423549e+00	1.379568246432793410e+00
2.365878040653115466e+00	1.915269453265339372e+00
2.399200266577806939e+00	4.065677289595527988e+00
2.432522492502498856e+00	5.837583705325183558e+00
2.465844718427190774e+00	5.536190562891309952e+00
2.499166944351882247e+00	4.204331561061340317e+00
2.532489170276574164e+00	2.561574640709051387e+00
2.565811396201266081e+00	1.184999716372719947e+00
2.599133622125957555e+00	2.466427271746565175e-01
2.632455848050649472e+00	6.016609374306369773e-03
2.665778073975340945e+00	5.821966863007463910e-01
2.699100299900032862e+00	3.663073070169120538e-01
2.732422525824724779e+00	4.516824496309848946e+00
2.765744751749416253e+00	1.541798937949134363e+00
2.799066977674108170e+00	2.318101404690070311e+00
2.832389203598800087e+00	2.277182019395187496e+00
2.865711429523491560e+00	2.960790404285310373e+00
2.899033655448183477e+00	3.893286507730461032e+00
2.932355881372875395e+00	3.556028673686828512e+00
2.965678107297566868e+00	2.389644676998323281e+00
2.999000333222258785e+00	2.585963379511699856e-01
3.032322559146950702e+00	9.829989057513652817e-01
3.065644785071642175e+00	8.599905450667855167e-01
3.098967010996334093e+00	4.087111899297760642e-01
3.132289236921026010e+00	4.895694886822799519e-01
3.165611462845717483e+00	1.296614670361405652e+00
3.198933688770409400e+00	1.391802498575668068e+00
3.232255914695101318e+00	3.010226767842931306e+00
3.265578140619792791e+00	1.907169313994933280e+00
3.298900366544484708e+00	1.484537522073242410e+00
3.332222592469176625e+00	1.760932119823916731e+00
3.365544818393868098e+00	2.236800105673348416e+00
3.398867044318560016e+00	1.835128494739437510e+00
3.432189270243251933e+00	1.271791181162015505e+00
3.465511496167943406e+00	2.728946575087982662e-01
3.498833722092635323e+00	5.207393556338546503e-01
3.532155948017327241e+00	2.245209781234331903e-01
3.565478173942018714e+00	7.447830138573190428e-01
3.598800399866710631e+00	1.809359445935929234e+00
3.632122625791402548e+00	2.340107151383965522e+00
3.665444851716094021e+00	2.015704255406059353e+00
3.698767077640785939e+00	1.923017811252451859e+00
3.732089303565477856e+00	1.956883822089350522e+00
3.765411529490169329e+00	1.283317606908953357e+00
3.798733755414861246e+00	2.116794860634366060e+00
3.832055981339552719e+00	1.206882544301504656e-01
3.865378207264244637e+00	1.578733914960377405e+00
3.898700433188936554e+00	1.361881961135372521e+00
3.932022659113628027e+00	8.891455497831366461e-01
3.965344885038319944e+00	4.969534004600237864e-01
3.998667110963011861e+00	5.540983464248929735e-01
4.031989336887703779e+00	8.930226693318722431e-01
4.065311562812395252e+00	1.491728995489061793e+00
4.098633788737086725e+00	1.535938950100502076e+00
4.131956014661779086e+00	1.326502534713604797e+00
4.165278240586470559e+00	7.750169089133454037e-01
4.198600466511162033e+00	5.574821729375307733e-01
4.231922692435854394e+00	6.627192154370287192e-01
4.265244918360545867e+00	8.603366221923750556e-01
4.298567144285237340e+00	1.735277154951000878e+00
4.331889370209929702e+00	1.145378232359109738e+00
4.365211596134621175e+00	1.551043389441236986e+00
4.398533822059312648e+00	2.228016741403156864e+00
4.431856047984005009e+00	8.375662731644933912e-01
4.465178273908696482e+00	8.747523924752569346e-01
4.498500499833387956e+00	6.584880986336446584e-01
4.531822725758080317e+00	8.466630057154158617e-01
4.565144951682771790e+00	8.975869872840105401e-01
4.598467177607463263e+00	1.039418805206587137e+00
4.631789403532155625e+00	6.943431817559170272e-01
4.665111629456847098e+00	1.574833116579032466e-01
4.698433855381538571e+00	3.727210042448396710e-01
4.731756081306230932e+00	7.436008554138419102e-01
4.765078307230922405e+00	1.072060965448609737e+00
4.798400533155613878e+00	1.338249920452098785e+00
4.831722759080306240e+00	8.126900792299859289e-01
4.865044985004997713e+00	1.304544032160765532e+00
4.898367210929689186e+00	2.021067146325330466e-01
4.931689436854381547e+00	4.817072982439674078e-01
4.965011662779073021e+00	7.840482518922682331e-01
4.998333888703764494e+00	2.844205808750452924e-01
5.031656114628456855e+00	5.226866820194266960e-01
5.064978340553148328e+00	5.934154805802273058e-01
5.098300566477839801e+00	6.082425556105646169e-01
5.131622792402532163e+00	6.579060542332215711e-01
5.164945018327223636e+00	8.715961434079583237e-01
5.198267244251915109e+00	1.249240692595980473e+00
5.231589470176607470e+00	1.683593588165466448e+00
5.264911696101298944e+00	1.802097528396591875e+00
5.298233922025990417e+00	1.342763178215883535e+00
5.331556147950681890e+00	5.265192364417574655e-01
5.364878373875374251e+00	4.637671613420919492e-01
5.398200599800065724e+00	1.258684892727801596e-01
5.431522825724757197e+00	3.107845839734471038e-01
5.464845051649449559e+00	8.267221636805210938e-01
5.498167277574141032e+00	1.015722574105977216e+00
5.531489503498832505e+00	1.365909258136043247e+00
5.564811729423524866e+00	8.086962641125281515e-01
5.598133955348216340e+00	1.276478021956638731e+00
5.631456181272907813e+00	8.493886910153587433e-01
5.664778407197600174e+00	5.083069777351580942e-01
5.698100633122291647e+00	5.369009545262347638e-01
5.731422859046983120e+00	8.026974776106596821e-01
5.764745084971675482e+00	1.030298443780108153e+00
5.798067310896366955e+00	9.029047196828126065e-01
5.831389536821058428e+00	5.567725183794725030e-01
5.864711762745750789e+00	2.348243655126891483e-02
5.898033988670442263e+00	1.009584779200680682e-01
5.931356214595133736e+00	7.003110763288593610e-01
5.964678440519826097e+00	5.427714893968479393e-01
5.998000666444517570e+00	5.549351874134849094e-01
6.031322892369209043e+00	1.844924999456333925e+00
6.064645118293901405e+00	1.071294016693003393e+00
6.097967344218592878e+00	3.029286155237009837e-01
6.131289570143284351e+00	5.162569895160495914e-02
6.164611796067976712e+00	5.785312971671739968e-01
6.197934021992668185e+00	7.834531750914827120e-01
6.231256247917359659e+00	7.051461112144291610e-01
6.264578473842052020e+00	6.814767395158959351e-01
6.297900699766743493e+00	4.059229453376774766e-01
6.331222925691434966e+00	6.997362525171195724e-01
6.364545151616127328e+00	8.603220738533540191e-01
6.397867377540818801e+00	8.156440652374734590e-01
6.431189603465510274e+00	1.004361358792244641e+00
6.464511829390202635e+00	6.234438003414486396e-01
6.497834055314894108e+00	4.816194360207868286e-01
6.531156281239585581e+00	4.458444864008398456e-01
6.564478507164277943e+00	5.527427406178554437e-01
6.597800733088969416e+00	6.135202416546108317e-01
6.631122959013660889e+00	9.137424686935037288e-01
6.664445184938353250e+00	7.998780669831753176e-01
6.697767410863044724e+00	1.127218810165778073e+00
6.731089636787736197e+00	1.050770067042380962e+00
6.764411862712428558e+00	1.017003483524944851e+00
6.797734088637120031e+00	8.645190888677616314e-01
6.831056314561811504e+00	6.190917347889811628e-01
6.864378540486503866e+00	5.608562364751630280e-01
6.897700766411195339e+00	5.947222663310977042e-01
6.931022992335886812e+00	4.543649947295248515e-01
6.964345218260579173e+00	5.500293165311829213e-01
6.997667444185270647e+00	3.575889519856242371e-01
7.030989670109962120e+00	5.282654327573654829e-02
7.064311896034654481e+00	2.013177564703948208e-02
7.097634121959345954e+00	1.354525082226777810e+00
7.130956347884037427e+00	3.710263101593241908e-01
7.164278573808729789e+00	5.170209180531301074e-01
7.197600799733421262e+00	9.616842492544569465e-01
7.230923025658112735e+00	3.717786453818330283e-01
7.264245251582805096e+00	3.852664522370772282e-01
7.297567477507496569e+00	2.126233202487091689e-01
7.330889703432188043e+00	3.421945644841023482e-01
7.364211929356880404e+00	4.245445236748688900e-01
7.397534155281571877e+00	4.699554739654071556e-01
7.430856381206263350e+00	5.225415158497289658e-01
7.464178607130955712e+00	5.717458645832205200e-01
7.497500833055647185e+00	4.082227704542813473e-01
7.530823058980338658e+00	4.483527154864209163e-01
7.564145284905030131e+00	6.751126036233197070e-01
7.597467510829722492e+00	6.988371702811679853e-01
7.630789736754413966e+00	6.957192055335924552e-01
7.664111962679105439e+00	7.392454124324734366e-01
7.697434188603797800e+00	8.627601035001676300e-01
7.730756414528489273e+00	3.845622309163879704e-01
7.764078640453180746e+00	5.648623484729695665e-01
7.797400866377873108e+00	1.621315398827355425e-01
7.830723092302564581e+00	7.088778766898520267e-01
7.864045318227256054e+00	6.739962143440052511e-01
7.897367544151948415e+00	7.098546716140391455e-01
7.930689770076639888e+00	5.535398093537466924e-01
7.964011996001331362e+00	4.240021632925541351e-01
7.997334221926023723e+00	4.728911112096579883e-01
8.030656447850715196e+00	4.490852953124092606e-01
8.063978673775407557e+00	8.290593704071247405e-01
8.097300899700098142e+00	6.044678159260488126e-01
8.130623125624790504e+00	6.434852144498757198e-01
8.163945351549482865e+00	7.029358078951990496e-01
8.197267577474173450e+00	4.182679787742785149e-01
8.230589803398865811e+00	9.774475387254459857e-01
8.263912029323558173e+00	3.846454444291877994e-01
8.297234255248248758e+00	6.508779775167854442e-01
8.330556481172941119e+00	8.114879943321824385e-01
8.363878707097633480e+00	5.254656848492509358e-01
8.397200933022324065e+00	3.979308072906768690e-01
8.430523158947016427e+00	3.871945146610190069e-01
8.463845384871708788e+00	4.372801450497704190e-01
8.497167610796399373e+00	4.059135380427049133e-01
8.530489836721091734e+00	4.131146916325422747e-01
8.563812062645784096e+00	3.006819110452238486e-01
8.597134288570474681e+00	5.704009789519313145e-01
8.630456514495167042e+00	7.999879283625475068e-01
8.663778740419859403e+00	7.008320856157506107e-01
8.697100966344549988e+00	2.673548392697446818e-01
8.730423192269242350e+00	6.666840283332904349e-01
8.763745418193934711e+00	6.098432573300859305e-01
8.797067644118625296e+00	6.772397213050460607e-01
8.830389870043317657e+00	5.897075904746679198e-02
8.863712095968010019e+00	5.748642227203744071e-01
8.897034321892700603e+00	2.610199284928746977e-01
8.930356547817392965e+00	3.825521981296231000e-01
8.963678773742085326e+00	3.461753413314024308e-01
8.997000999666775911e+00	4.535598687370356319e-01
9.030323225591468272e+00	4.939215435983725921e-01
9.063645451516160634e+00	7.269093057912251465e-01
9.096967677440851219e+00	6.062202458724087473e-01
9.130289903365543580e+00	5.561930088756313895e-01
9.163612129290235941e+00	5.339943631910100130e-01
9.196934355214926526e+00	3.055113356434918659e-01
9.230256581139618888e+00	4.064289179996711243e-01
9.263578807064311249e+00	4.502967120700098747e-01
9.296901032989001834e+00	2.682383400957552011e-01
9.330223258913694195e+00	1.255129557190381107e+00
9.363545484838386557e+00	4.104220507793134298e-01
9.396867710763077142e+00	4.157200029441754374e-01
9.430189936687769503e+00	7.040721733389297965e-01
9.463512162612461864e+00	5.136350185032899640e-01
9.496834388537152449e+00	6.172942679666799659e-01
9.530156614461844811e+00	6.525219216559016155e-01
9.563478840386537172e+00	5.339153482807064144e-01
9.596801066311227757e+00	5.460570719860479150e-01
9.630123292235920118e+00	3.843115361955211640e-01
9.663445518160612480e+00	4.073797918477859437e-01
9.696767744085303065e+00	4.955667355034287791e-01
9.730089970009995426e+00	3.716738445509568112e-01
9.763412195934687787e+00	3.956459979023164153e-01
9.796734421859378372e+00	6.856579780420645198e-01
9.830056647784070734e+00	5.635823709664770920e-02
9.863378873708763095e+00	4.280247550323266204e-01
9.896701099633453680e+00	8.123926498173185129e-01
9.930023325558146041e+00	6.073584434277827793e-01
9.963345551482838403e+00	5.356280448868904198e-01
9.996667777407528988e+00	6.734987004156769430e-01
1.002999000333222135e+01	2.121261574206447786e-01
1.006331222925691371e+01	1.980077177099380525e-01
1.009663445518160430e+01	4.064700495760284471e-01
1.012995668110629666e+01	5.202049993366741898e-01
1.016327890703098902e+01	5.589298882134722257e-01
1.019660113295567960e+01	4.974088951529820335e-01
1.022992335888037196e+01	4.809267656467542951e-01
1.026324558480506433e+01	5.698906046011302795e-01
1.029656781072975491e+01	8.106404785618110953e-01
1.032989003665444727e+01	3.656839835383083326e-01
1.036321226257913963e+01	1.565670281991540236e-01
1.039653448850383022e+01	5.787297010052789847e-01
1.042985671442852258e+01	6.131731650926754984e-01
1.046317894035321494e+01	1.899886486375968464e-01
1.049650116627790553e+01	5.053813545035207300e-01
1.052982339220259789e+01	5.867963554142233695e-01
1.056314561812729025e+01	6.839402289024847370e-01
1.059646784405198083e+01	3.239073255851172561e-01
1.062979006997667319e+01	2.544881007623898683e-01
1.066311229590136378e+01	5.004726221051777335e-01
1.069643452182605614e+01	5.780300428856127715e-01
1.072975674775074850e+01	6.792827233852751778e-01
1.076307897367543909e+01	5.724674029629632788e-01
1.079640119960013145e+01	4.276573618328031179e-01
1.082972342552482381e+01	1.915699020221995896e-01
1.086304565144951439e+01	5.045534182938782308e-01
1.089636787737420676e+01	7.367544943572044147e-01
1.092969010329889912e+01	4.284580289456542679e-01
1.096301232922358970e+01	5.595607464219762850e-01
1.099633455514828206e+01	3.754086841713998313e-01
1.102965678107297443e+01	6.324303598433418383e-01
1.106297900699766501e+01	4.246213865981678937e-01
1.109630123292235737e+01	5.571969333952331294e-01
1.112962345884704973e+01	4.948129648506138234e-01
1.116294568477174032e+01	5.674646912890576322e-01
1.119626791069643268e+01	3.823622734223534603e-01
1.122959013662112504e+01	4.631220780741312493e-01
1.126291236254581563e+01	4.468608248308721387e-01
1.129623458847050799e+01	5.119099252823531288e-01
1.132955681439520035e+01	4.782834041860811736e-01
1.136287904031989093e+01	3.671363200663157467e-01
1.139620126624458329e+01	1.830326011052457735e-01
1.142952349216927566e+01	7.602661401242863937e-01
1.146284571809396624e+01	2.892353144416659472e-01
1.149616794401865860e+01	1.602718376865500116e-01
1.152949016994335096e+01	6.282287744709967869e-01
1.156281239586804155e+01	2.205518566720127693e-01
1.159613462179273391e+01	6.025905305508526544e-01
1.162945684771742627e+01	3.749687861850805604e-01
1.166277907364211686e+01	3.301569206215110297e-01
1.169610129956680922e+01	2.417268105845851167e-01
1.172942352549150158e+01	2.581451096527789257e-01
1.176274575141619216e+01	4.897747956610696840e-01
1.179606797734088453e+01	5.986308697570329462e-01
1.182939020326557689e+01	4.664698950860375337e-01
1.186271242919026747e+01	5.951461668387150183e-01
1.189603465511495983e+01	2.998438411375052848e-01
1.192935688103965219e+01	7.151890978396018284e-01
1.196267910696434278e+01	4.358803231843286774e-01
1.199600133288903514e+01	4.254687983180555078e-02
1.202932355881372750e+01	5.557103565754470953e-01
1.206264578473841809e+01	4.856398640441174641e-01
1.209596801066311045e+01	1.038652618929914173e-01
1.212929023658780281e+01	7.204804407282490164e-01
1.216261246251249339e+01	7.298875389784713619e-01
1.219593468843718576e+01	4.632939793787006488e-01
1.222925691436187812e+01	4.286448536597803338e-01
1.226257914028656870e+01	3.513303127211036547e-01
1.229590136621126106e+01	4.231680959787199603e-01
1.232922359213595342e+01	3.940068809041231135e-01
1.236254581806064401e+01	4.348745697313274872e-01
1.239586804398533637e+01	3.022156468420750808e-01
1.242919026991002873e+01	6.758871389313780842e-01
1.246251249583471932e+01	4.422008386297073823e-01
1.249583472175941168e+01	5.579266087275317476e-01
1.252915694768410404e+01	3.742129417339686293e-01
1.256247917360879462e+01	3.308573797424419483e-01
1.259580139953348699e+01	4.627780595907765582e-01
1.262912362545817935e+01	4.722389960105747297e-01
1.266244585138286993e+01	2.874694932220258070e-01
1.269576807730756229e+01	5.244208271408888900e-01
1.272909030323225466e+01	4.281224372226759556e-01
1.276241252915694524e+01	3.788363020133763692e-01
1.279573475508163760e+01	4.865679333603107892e-01
1.282905698100632996e+01	3.689644499822885004e-01
1.286237920693102055e+01	3.805288229222223984e-01
1.289570143285571291e+01	4.195356614692820063e-01
1.292902365878040527e+01	3.894033186729415341e-01
1.296234588470509586e+01	4.862893774416463533e-01
1.299566811062978822e+01	6.057456652802162278e-01
1.302899033655448058e+01	2.423541034625100177e-01
1.306231256247917116e+01	3.827641675001141608e-01
1.309563478840386352e+01	2.939233652908735950e-01
1.312895701432855589e+01	6.332860410672443985e-01
1.316227924025324647e+01	4.279380481007918902e-01
1.319560146617793883e+01	2.692404580424698768e-01
1.322892369210263119e+01	6.904736031717645384e-01
1.326224591802732178e+01	5.462729011362691400e-01
1.329556814395201414e+01	3.254062342810514763e-01
1.332889036987670650e+01	3.985901103481812036e-01
1.336221259580139709e+01	6.607672599867231433e-01
1.339553482172608945e+01	5.550723581624312786e-01
1.342885704765078181e+01	5.217047887848736965e-01
1.346217927357547239e+01	4.501927498432750641e-01
1.349550149950016475e+01	4.377532978906032990e-01
1.352882372542485712e+01	2.968234523631470556e-01
1.356214595134954770e+01	4.641240874841204289e-01
1.359546817727424006e+01	4.098403961560396214e-01
1.362879040319893242e+01	1.239736694115241011e-01
1.366211262912362301e+01	6.633979694827542017e-01
1.369543485504831537e+01	1.500572039097030075e-01
1.372875708097300773e+01	6.554498829044544950e-01
1.376207930689769832e+01	4.885430512501678924e-01
1.379540153282239068e+01	2.749032925980361974e-01
1.382872375874708304e+01	5.775501894804783154e-01
1.386204598467177362e+01	5.573508602687344826e-01
1.389536821059646599e+01	4.617136045451296633e-01
1.392869043652115835e+01	4.105727090039514304e-01
1.396201266244584893e+01	3.840795178427408030e-01
1.399533488837054129e+01	4.979798970401027036e-01
1.402865711429523365e+01	4.718673257651531672e-01
1.406197934021992424e+01	5.723783988741570905e-01
1.409530156614461660e+01	4.153803926577490646e-01
1.412862379206930896e+01	5.149181735363362877e-01
1.416194601799399955e+01	3.887590276417441926e-01
1.419526824391869191e+01	6.180108823412150398e-01
1.422859046984338427e+01	2.140250661366580875e-01
1.426191269576807485e+01	5.479473110153851856e-01
1.429523492169276722e+01	2.152804565193877362e-01
1.432855714761745958e+01	5.939549775777736018e-01
1.436187937354215016e+01	3.019170022263394926e-01
1.439520159946684252e+01	4.971292607032704591e-01
1.442852382539153488e+01	4.604500125131793520e-01
1.446184605131622547e+01	4.659945668414955944e-01
1.449516827724091783e+01	3.353469831582596150e-01
1.452849050316561019e+01	2.672144953910483567e-01
1.456181272909030078e+01	2.785695889415430448e-01
1.459513495501499314e+01	6.223165503076186766e-01
1.462845718093968550e+01	7.208373047738660944e-01
1.466177940686437609e+01	5.064144408798673114e-01
1.469510163278906845e+01	2.481667292139087821e-01
1.472842385871376081e+01	4.636150054501968487e-01
1.476174608463845139e+01	4.545071598767392862e-01
1.479506831056314375e+01	2.549871190692870604e-02
1.482839053648783612e+01	4.307768801696014727e-01
1.486171276241252670e+01	7.561736040544086990e-01
1.489503498833721906e+01	3.225547777156574369e-01
1.492835721426191142e+01	4.949828625051830855e-01
1.496167944018660201e+01	5.824747077772758352e-01
1.499500166611129437e+01	3.830789212189995019e-01
1.502832389203598495e+01	3.611206591053357506e-01
1.506164611796067732e+01	3.260204297876417856e-01
1.509496834388536968e+01	3.715383807773491309e-01
1.512829056981006026e+01	4.620809237177215256e-01
1.516161279573475262e+01	3.792725611071862679e-01
1.519493502165944498e+01	3.984060390600274171e-01
1.522825724758413557e+01	4.640904935663436870e-01
1.526157947350882793e+01	4.432650138383665839e-01
1.529490169943352029e+01	5.651826224803797594e-01
1.532822392535821088e+01	1.632998153316880252e-01
1.536154615128290324e+01	6.738997158605135596e-01
1.539486837720759560e+01	3.235548577397774350e-01
1.542819060313228618e+01	4.129000905939056443e-01
1.546151282905697855e+01	2.931335359903571303e-01
1.549483505498167091e+01	4.557259582549243460e-01
1.552815728090636149e+01	3.355307620700218596e-01
1.556147950683105385e+01	2.258648188066671170e-01
1.559480173275574622e+01	5.329243761653941203e-01
1.562812395868043680e+01	4.652690531543182129e-01
1.566144618460512916e+01	5.404279021961442275e-01
1.569476841052982152e+01	4.501014310480139224e-01
1.572809063645451211e+01	3.009125708964574542e-01
1.576141286237920447e+01	3.413943082877568536e-01
1.579473508830389683e+01	4.719579216145897149e-01
1.582805731422858742e+01	5.241888371167322536e-01
1.586137954015327978e+01	2.586076069403384636e-01
1.589470176607797214e+01	3.238596767662757503e-01
1.592802399200266272e+01	4.181575866735230962e-01
1.596134621792735508e+01	5.890347744692799870e-01
1.599466844385204745e+01	3.090648487027711777e-01
1.602799066977673803e+01	4.152973506323078823e-01
1.606131289570143039e+01	3.848616056021026410e-01
1.609463512162612275e+01	3.362419346240534401e-01
1.612795734755081511e+01	4.211235323076490955e-01
1.616127957347550748e+01	3.560127560091052024e-01
1.619460179940019628e+01	2.992833067323067420e-01
1.622792402532488865e+01	4.214703939990101511e-01
1.626124625124958101e+01	5.535541203283687040e-01
1.629456847717427337e+01	5.210414437279330402e-01
1.632789070309896573e+01	3.270422239381210461e-01
1.636121292902365809e+01	4.639369196112894667e-01
1.639453515494834690e+01	2.496457854720505187e-01
1.642785738087303926e+01	4.063491000432012945e-01
1.646117960679773162e+01	6.710459958332293251e-01
1.649450183272242398e+01	5.360306359834784429e-01
1.652782405864711635e+01	4.663301842547336040e-01
1.656114628457180871e+01	4.462707876638650761e-01
1.659446851049649752e+01	3.154056433548823590e-01
1.662779073642118988e+01	3.380545923051337387e-01
1.666111296234588224e+01	4.012287839352182139e-01
1.669443518827057460e+01	3.733501956281471967e-01
1.672775741419526696e+01	4.632622273105173050e-01
1.676107964011995932e+01	2.903217362194744355e-01
1.679440186604464813e+01	3.808983660805698723e-01
1.682772409196934049e+01	4.456910616372170564e-01
1.686104631789403285e+01	3.863945486220226599e-01
1.689436854381872521e+01	6.546163686809625126e-01
1.692769076974341758e+01	3.575762444676203744e-01
1.696101299566810994e+01	4.675223895130096174e-01
1.699433522159279875e+01	1.646945054045218793e-01
1.702765744751749111e+01	2.697412926960580104e-01
1.706097967344218347e+01	3.952801435302512045e-01
1.709430189936687583e+01	4.531224625839673226e-01
1.712762412529156819e+01	3.150360279893564819e-01
1.716094635121625700e+01	5.776547190532793641e-01
1.719426857714094936e+01	5.051585887642666695e-01
1.722759080306564172e+01	3.469370213759843113e-01
1.726091302899033408e+01	4.867428896400796678e-01
1.729423525491502645e+01	3.720625662523304733e-01
1.732755748083971881e+01	5.092289403537366699e-01
1.736087970676440762e+01	3.515445999577992975e-01
1.739420193268909998e+01	3.023325129182822812e-01
1.742752415861379234e+01	6.301959825437913887e-01
1.746084638453848470e+01	4.060510794466867246e-01
1.749416861046317706e+01	2.241752507212348422e-01
1.752749083638786942e+01	5.830831026594013311e-01
1.756081306231255823e+01	4.979670496423839188e-01
1.759413528823725059e+01	2.803754669298715307e-01
1.762745751416194295e+01	3.327582415648220326e-01
1.766077974008663531e+01	6.466209825008093492e-01
1.769410196601132768e+01	4.239628742048623389e-01
1.772742419193602004e+01	3.442992136506287659e-01
1.776074641786070885e+01	3.312367729850209108e-01
1.779406864378540121e+01	4.544872773881825645e-01
1.782739086971009357e+01	4.081700445726446635e-01
1.786071309563478593e+01	3.882644185858620811e-01
1.789403532155947829e+01	4.572017015745939994e-01
1.792735754748417065e+01	5.151621572565048268e-01
1.796067977340885946e+01	3.967494095806662902e-01
1.799400199933355182e+01	3.627254409346474806e-01
1.802732422525824418e+01	4.257289736331544838e-01
1.806064645118293654e+01	3.434213467660729990e-01
1.809396867710762891e+01	4.764923826149107811e-01
1.812729090303232127e+01	3.017257627706235179e-01
1.816061312895701008e+01	4.209884882567138664e-01
1.819393535488170244e+01	7.204488639713799714e-01
1.822725758080639480e+01	3.465835821107738912e-01
1.826057980673108716e+01	2.627584641381647268e-01
1.829390203265577952e+01	4.198752268794960774e-01
1.832722425858047188e+01	4.051363065558797327e-01
1.836054648450516069e+01	3.749464610130338604e-01
1.839386871042985305e+01	4.667956913340171599e-01
1.842719093635454541e+01	3.907148763923650736e-01
1.846051316227923778e+01	3.977480038564117359e-01
1.849383538820393014e+01	4.793001487514811920e-01
1.852715761412862250e+01	5.429433944839699988e-01
1.856047984005331131e+01	2.219675141871887691e-01
1.859380206597800367e+01	3.242915529843030664e-01
1.862712429190269603e+01	3.482030153931284233e-01
1.866044651782738839e+01	3.827569648197974850e-01
1.869376874375208075e+01	3.076372262201761409e-01
1.872709096967677311e+01	2.746128593671411933e-01
1.876041319560146192e+01	3.278694633692419425e-01
1.879373542152615428e+01	5.731840967480029692e-01
1.882705764745084664e+01	4.455540786074414505e-01
1.886037987337553901e+01	4.941542706849136879e-01
1.889370209930023137e+01	3.905445602506298353e-01
1.892702432522492373e+01	3.306620377651985909e-01
1.896034655114961254e+01	3.894869041257805753e-01
1.899366877707430490e+01	4.597153948576403470e-01
1.902699100299899726e+01	2.301595753357023599e-01
1.906031322892368962e+01	5.189916988670519871e-01
1.909363545484838198e+01	4.608853990163807035e-01
1.912695768077307434e+01	5.415884594419451137e-01
1.916027990669776315e+01	4.522853285995613870e-01
1.919360213262245551e+01	2.915431794136364996e-01
1.922692435854714788e+01	2.570423631905524586e-01
1.926024658447184024e+01	4.180141953281626410e-01
1.929356881039653260e+01	4.327072912223669521e-01
1.932689103632122496e+01	3.832713359246090468e-01
1.936021326224591377e+01	4.695386330245889805e-01
1.939353548817060613e+01	4.036422713113726468e-01
1.942685771409529849e+01	4.010947297131227662e-01
1.946017994001999085e+01	4.000398794075831210e-01
1.949350216594468321e+01	3.298934359005492034e-01
1.952682439186937557e+01	3.304000043965505951e-01
1.956014661779406438e+01	4.583142354706776778e-01
1.959346884371875674e+01	4.941150297569982808e-01
1.962679106964344911e+01	1.686012362680442689e-01
1.966011329556814147e+01	6.078865552599266309e-01
1.969343552149283383e+01	5.437019016745223698e-01
1.972675774741752619e+01	2.465555176656837322e-01
1.976007997334221500e+01	1.831008128372709487e-01
1.979340219926690736e+01	5.660420067446274572e-01
1.982672442519159972e+01	3.911059995024901981e-01
1.986004665111629208e+01	3.620026745468090112e-01
1.989336887704098444e+01	3.983398588310589350e-01
1.992669110296567681e+01	3.180951130707055929e-01
1.996001332889036561e+01	5.097049061204790288e-01
1.999333555481505798e+01	4.671934766965862851e-01
2.002665778073975034e+01	4.008029150146888986e-01
2.005998000666444270e+01	4.275156481251553564e-01
2.009330223258913506e+01	3.320412388138620496e-01
2.012662445851382742e+01	3.883983672610678561e-01
2.015994668443851623e+01	4.618413957265471992e-01
2.019326891036320859e+01	4.267222542510482053e-01
2.022659113628790095e+01	3.478707265874170229e-01
2.025991336221259331e+01	4.451838014671102850e-01
2.029323558813728567e+01	3.322074538648410180e-01
2.032655781406197804e+01	2.255045541016215682e-01
2.035988003998666684e+01	5.439256100320457588e-01
2.039320226591135921e+01	3.396991255198463788e-01
2.042652449183605157e+01	4.707221678489419414e-01
2.045984671776074393e+01	4.871747074174921366e-01
2.049316894368543629e+01	3.888435003812830693e-01
2.052649116961012865e+01	2.708095269194687460e-01
2.055981339553481746e+01	3.370310657967290346e-01
2.059313562145950982e+01	3.490039882116455772e-01
2.062645784738420218e+01	4.624871488148973864e-01
2.065978007330889454e+01	3.582180103977814500e-01
2.069310229923358690e+01	4.203259180428499664e-01
2.072642452515827927e+01	4.959684762110751488e-01
2.075974675108296807e+01	5.074825569208519793e-01
2.079306897700766044e+01	4.591584320083649251e-01
2.082639120293235280e+01	2.209917021273614945e-01
2.085971342885704516e+01	1.908903481154800019e-01
2.089303565478173752e+01	4.902113101695573238e-01
2.092635788070642988e+01	4.462905974436952028e-01
2.095968010663111869e+01	2.786836804802545475e-01
2.099300233255581105e+01	4.567448188455437985e-01
2.102632455848050341e+01	5.498858448910332042e-01
2.105964678440519577e+01	4.463511578027841153e-01
2.109296901032988814e+01	3.635144399442677976e-01
2.112629123625458050e+01	3.241719725695115795e-01
2.115961346217926931e+01	3.826418943052068977e-01
2.119293568810396167e+01	4.880976077910144650e-01
2.122625791402865403e+01	4.793052901030749879e-01
2.125958013995334639e+01	4.427048530137823734e-01
2.129290236587803875e+01	4.003890871804093310e-01
2.132622459180272756e+01	3.050635561681556140e-01
2.135954681772741992e+01	3.249341902143755290e-01
2.139286904365211228e+01	4.568391290402427640e-01
2.142619126957680464e+01	3.932388675781510190e-01
2.145951349550149700e+01	2.714965918984268423e-01
2.149283572142618937e+01	3.717968441354250198e-01
2.152615794735087817e+01	3.415153161805103976e-01
2.155948017327557054e+01	5.638975221511139946e-01
2.159280239920026290e+01	6.037560470950114055e-01
2.162612462512495526e+01	4.072253955997544583e-01
2.165944685104964762e+01	3.592831732598547045e-01
2.169276907697433998e+01	3.371399906295145521e-01
2.172609130289902879e+01	3.554672768730591237e-01
2.175941352882372115e+01	2.851848766168485483e-01
2.179273575474841351e+01	5.071027589920275025e-01
2.182605798067310587e+01	4.780416010599697896e-01
2.185938020659779824e+01	1.580671593543733211e-01
2.189270243252249060e+01	4.211455813152483185e-01
2.192602465844717941e+01	4.332490077856446242e-01
2.195934688437187177e+01	3.962997943414610091e-01
2.199266911029656413e+01	4.781047237369922542e-01
2.202599133622125649e+01	2.906418703689089278e-01
2.205931356214594885e+01	3.407156203295056973e-01
2.209263578807064121e+01	2.686510581886189519e-01
2.212595801399533002e+01	3.959543285340463292e-01
2.215928023992002238e+01	5.441286868509245256e-01
2.219260246584471474e+01	4.053894721301158910e-01
2.222592469176940710e+01	3.745675462551125712e-01
2.225924691769409947e+01	3.355295281165781573e-01
2.229256914361879183e+01	5.126772847390510535e-01
2.232589136954348064e+01	2.706674092723025393e-01
2.235921359546817300e+01	4.927865913290321309e-01
2.239253582139286536e+01	3.972271898313287086e-01
2.242585804731755772e+01	2.166378860339098766e-01
2.245918027324225008e+01	4.434378130751888136e-01
2.249250249916694244e+01	3.250733205629254829e-01
2.252582472509163125e+01	3.127515893439025141e-01
2.255914695101632361e+01	4.613895377777286200e-01
2.259246917694101597e+01	4.881804898043177743e-01
2.262579140286570833e+01	3.914918708632433852e-01
2.265911362879040070e+01	3.731351123703900430e-01
2.269243585471509306e+01	5.592419891299823531e-01
2.272575808063978187e+01	3.580353104552775889e-01
2.275908030656447423e+01	3.175094599077449287e-01
2.279240253248916659e+01	3.280009619809036714e-01
2.282572475841385895e+01	3.955897337415983928e-01
2.285904698433855131e+01	5.049379019194488727e-01
2.289236921026324367e+01	6.076195099018720791e-01
2.292569143618793248e+01	2.885285987421826182e-01
2.295901366211262484e+01	2.148082591371696659e-01
2.299233588803731720e+01	4.782097345349582973e-01
2.302565811396200957e+01	3.942166505997169446e-01
2.305898033988670193e+01	3.828014560714215198e-01
2.309230256581139429e+01	4.041433265481598758e-01
2.312562479173608310e+01	4.635696559042516984e-01
2.315894701766077546e+01	3.567510592014561666e-01
2.319226924358546782e+01	4.243699911663294522e-01
2.322559146951016018e+01	4.073086174555321515e-01
2.325891369543485254e+01	6.278137899002391720e-01
2.329223592135954490e+01	4.176757156394715897e-01
2.332555814728423371e+01	3.267309722048843401e-01
2.335888037320892607e+01	2.977016952702979391e-01
2.339220259913361843e+01	3.276292620430535374e-01
2.342552482505831080e+01	3.499133745089548775e-01
2.345884705098300316e+01	6.091172054375600942e-01
2.349216927690769552e+01	2.936301531431565470e-01
2.352549150283238433e+01	4.828159510370932384e-01
2.355881372875707669e+01	4.747180137609379180e-01
2.359213595468176905e+01	2.972574967086490383e-01
2.362545818060646141e+01	5.850962817037701491e-01
2.365878040653115377e+01	3.371261664260997715e-01
2.369210263245584613e+01	3.511443562450741185e-01
2.372542485838053494e+01	3.679005541215205621e-01
2.375874708430522730e+01	3.181405681823408216e-01
2.379206931022991967e+01	3.217200815676055092e-01
2.382539153615461203e+01	4.294157245923288513e-01
2.385871376207930439e+01	4.892973688070519911e-01
2.389203598800399675e+01	3.047750679268482754e-01
2.392535821392868556e+01	3.458188560690743096e-01
2.395868043985337792e+01	3.747183009219720029e-01
2.399200266577807028e+01	3.272493621517043594e-01
2.402532489170276264e+01	3.356592296296868061e-01
2.405864711762745500e+01	3.996238629898569150e-01
2.409196934355214736e+01	4.825715252228002794e-01
2.412529156947683617e+01	2.734173610558319201e-01
2.415861379540152853e+01	2.970170990644792064e-01
2.419193602132622090e+01	4.330708006129320720e-01
2.422525824725091326e+01	4.684534470804372908e-01
2.425858047317560562e+01	6.461858335847647794e-01
2.429190269910029798e+01	3.732589975121711201e-01
2.432522492502498679e+01	3.378317976353044649e-01
2.435854715094967915e+01	3.203445166153567336e-01
2.439186937687437151e+01	3.485430053988832766e-01
2.442519160279906387e+01	3.496699812485922210e-01
2.445851382872375623e+01	2.482009125126606874e-01
2.449183605464844860e+01	5.276906257849979243e-01
2.452515828057313740e+01	4.855598704375986840e-01
2.455848050649782977e+01	3.525231600422372158e-01
2.459180273242252213e+01	4.151867854784377365e-01
2.462512495834721449e+01	3.595802242692766604e-01
2.465844718427190685e+01	3.200885110841480419e-01
2.469176941019659921e+01	4.148316465819947285e-01
2.472509163612128802e+01	4.873149993103674804e-01
2.475841386204598038e+01	4.136835419725336527e-01
2.479173608797067274e+01	3.766243881025390094e-01
2.482505831389536510e+01	4.711107177494544551e-01
2.485838053982005746e+01	4.982592472284683716e-01
2.489170276574474983e+01	3.909366672034526591e-01
2.492502499166943863e+01	3.950537282696547359e-01
2.495834721759413100e+01	4.257390862667839726e-01
2.499166944351882336e+01	2.991234936442510595e-01
2.502499166944351572e+01	3.434553055620547801e-01
2.505831389536820808e+01	4.244522251126294776e-01
2.509163612129290044e+01	3.589786193619963761e-01
2.512495834721758925e+01	2.936765678496735532e-01
2.515828057314228161e+01	5.571978496194250896e-01
2.519160279906697397e+01	2.483436483822772101e-01
2.522492502499166633e+01	2.730850770524790860e-01
2.525824725091635869e+01	3.562847809786159892e-01
2.529156947684105106e+01	3.452329069180007926e-01
2.532489170276573986e+01	3.463593150392244024e-01
2.535821392869043223e+01	4.210178896700492168e-01
2.539153615461512459e+01	3.555846391879672885e-01
2.542485838053981695e+01	3.475647268846096538e-01
2.545818060646450931e+01	4.265465575012273858e-01
2.549150283238920167e+01	3.880777186985320260e-01
2.552482505831389048e+01	3.598796609173273708e-01
2.555814728423858284e+01	2.573972788467624451e-01
2.559146951016327520e+01	3.132821017341744785e-01
2.562479173608796756e+01	4.338819272353446332e-01
2.565811396201265993e+01	4.141404832426412996e-01
2.569143618793734873e+01	5.407325153361364212e-01
2.572475841386204110e+01	3.819136527844720908e-01
2.575808063978673346e+01	2.902765604312527170e-01
2.579140286571142582e+01	4.742444771646041612e-01
2.582472509163611818e+01	4.484779081000536127e-01
2.585804731756081054e+01	4.040279176950839490e-01
2.589136954348549935e+01	2.241609065803082945e-01
2.592469176941019171e+01	3.592545703119168765e-01
2.595801399533488407e+01	5.344170803490819743e-01
2.599133622125957643e+01	4.378222204682702956e-01
2.602465844718426879e+01	3.931724082946168042e-01
2.605798067310896116e+01	3.421839290384138810e-01
2.609130289903364996e+01	3.048678449200600271e-01
2.612462512495834233e+01	5.849150310764836824e-01
2.615794735088303469e+01	4.537075421943885800e-01
2.619126957680772705e+01	3.907481004028853233e-01
2.622459180273241941e+01	4.443086322446900827e-01
2.625791402865711177e+01	4.424561886613348483e-01
2.629123625458180058e+01	3.265599882005600918e-01
2.632455848050649294e+01	6.136131411448693118e-01
2.635788070643118530e+01	2.800986013111828044e-01
2.639120293235587766e+01	3.034188878173810777e-01
2.642452515828057003e+01	4.702312517282271620e-01
2.645784738420526239e+01	2.980277147634511903e-01
2.649116961012995120e+01	3.525315080661839406e-01
2.652449183605464356e+01	4.208011257053533849e-01
2.655781406197933592e+01	3.647895100316012051e-01
2.659113628790402828e+01	3.991988763226962944e-01
2.662445851382872064e+01	4.643445927061908840e-01
2.665778073975341300e+01	4.222480870619513271e-01
2.669110296567810181e+01	3.706670591216105759e-01
2.672442519160279417e+01	3.475267508025854934e-01
2.675774741752748653e+01	3.009184669042594962e-01
2.679106964345217889e+01	3.999564102469590487e-01
2.682439186937687126e+01	4.567280779338370733e-01
2.685771409530156362e+01	3.181801300584427006e-01
2.689103632122625243e+01	4.019141631753923027e-01
2.692435854715094479e+01	3.767838087669995728e-01
2.695768077307563715e+01	3.731546558706509420e-01
2.699100299900032951e+01	5.207118932974981185e-01
2.702432522492502187e+01	3.878522896067162495e-01
2.705764745084971423e+01	5.344960257891528954e-01
2.709096967677440304e+01	5.243488088726403484e-01
2.712429190269909540e+01	2.656152777721521585e-01
2.715761412862378776e+01	1.795293697439400704e-01
2.719093635454848013e+01	3.706534382098497504e-01
2.722425858047317249e+01	5.779263225239952284e-01
2.725758080639786485e+01	3.759344695667168890e-01
2.729090303232255366e+01	3.851110932978292212e-01
2.732422525824724602e+01	4.560399799616329797e-01
2.735754748417193838e+01	2.906486004791204447e-01
2.739086971009663074e+01	3.708984313491937579e-01
2.742419193602132310e+01	5.708797869649477885e-01
2.745751416194601546e+01	2.086282939743020204e-01
2.749083638787070427e+01	3.612318972674190554e-01
2.752415861379539663e+01	4.421355337964041343e-01
2.755748083972008899e+01	4.703722802681707948e-01
2.759080306564478136e+01	3.017201537972804548e-01
2.762412529156947372e+01	3.120995097066207036e-01
2.765744751749416608e+01	4.175161375578158029e-01
2.769076974341885489e+01	2.797618666540658272e-01
2.772409196934354725e+01	2.581810683812540974e-01
2.775741419526823961e+01	5.105210983066102992e-01
2.779073642119293197e+01	5.142302476601926520e-01
2.782405864711762433e+01	3.331492154674169925e-01
2.785738087304231669e+01	2.971685114464657218e-01
2.789070309896700550e+01	3.669065676610038795e-01
2.792402532489169786e+01	4.355431553449716220e-01
2.795734755081639022e+01	4.000322630953755954e-01
2.799066977674108259e+01	3.749801231470865637e-01
2.802399200266577495e+01	2.931257992993638872e-01
2.805731422859046731e+01	1.714664479055513502e-01
2.809063645451515612e+01	5.486549291221022306e-01
2.812395868043984848e+01	4.649096839907792544e-01
2.815728090636454084e+01	3.336926245712259487e-01
2.819060313228923320e+01	3.959638586511002312e-01
2.822392535821392556e+01	3.997691869674589449e-01
2.825724758413861792e+01	3.318821656924816343e-01
2.829056981006330673e+01	3.554555193688109238e-01
2.832389203598799909e+01	2.904295591720033043e-01
2.835721426191269146e+01	4.403222225601325368e-01
2.839053648783738382e+01	4.245063644328982977e-01
2.842385871376207618e+01	4.620546961490237248e-01
2.845718093968676854e+01	2.531607469994368032e-01
2.849050316561145735e+01	4.129337850645786734e-01
2.852382539153614971e+01	6.149204482438690444e-01
2.855714761746084207e+01	2.851265993348670591e-01
2.859046984338553443e+01	3.336601477724205900e-01
2.862379206931022679e+01	5.527537770350016144e-01
2.865711429523491915e+01	5.173914261841683349e-01
2.869043652115960796e+01	3.703024315984861925e-01
2.872375874708430032e+01	2.146164911920467322e-01
2.875708097300899269e+01	4.184765171640143500e-01
2.879040319893368505e+01	3.727645549052545082e-01
2.882372542485837741e+01	3.642383021555275491e-01
2.885704765078306977e+01	3.613544836667373916e-01
2.889036987670775858e+01	5.090645974084551106e-01
2.892369210263245094e+01	4.449632823294585870e-01
2.895701432855714330e+01	4.111221927158679734e-01
2.899033655448183566e+01	3.738610962696891638e-01
2.902365878040652802e+01	4.228985322626309107e-01
2.905698100633122039e+01	3.466186932030609902e-01
2.909030323225590919e+01	2.844386393807311064e-01
2.912362545818060156e+01	4.676718255185403073e-01
2.915694768410529392e+01	4.537655062602454770e-01
2.919026991002998628e+01	4.348600464446426006e-01
2.922359213595467864e+01	3.974475293383432639e-01
2.925691436187937100e+01	3.263320039662985783e-01
2.929023658780405981e+01	3.146464003567109868e-01
2.932355881372875217e+01	2.973094335440987224e-01
2.935688103965344453e+01	3.279490293294973768e-01
2.939020326557813689e+01	3.314316934204406540e-01
2.942352549150282925e+01	2.736110751459006063e-01
2.945684771742752162e+01	4.594256639472524828e-01
2.949016994335221042e+01	4.222967045028103716e-01
2.952349216927690279e+01	3.215200043033897837e-01
2.955681439520159515e+01	4.574885083642315498e-01
2.959013662112628751e+01	3.892871805313824485e-01
2.962345884705097987e+01	3.606593769791143211e-01
2.965678107297567223e+01	2.761691805314456793e-01
2.969010329890036104e+01	3.315151577151745355e-01
2.972342552482505340e+01	4.110591695434497317e-01
2.975674775074974576e+01	4.444953672084390184e-01
2.979006997667443812e+01	5.516464696887231067e-01
2.982339220259913048e+01	2.658404433524184096e-01
2.985671442852382285e+01	3.197605707044737788e-01
2.989003665444851165e+01	4.482790261151532452e-01
2.992335888037320402e+01	5.110606001088774386e-01
2.995668110629789638e+01	2.816592995106528274e-01
2.999000333222258874e+01	4.274883889138482163e-01
3.002332555814728110e+01	4.349568349614535423e-01
3.005664778407196991e+01	3.351591808871214329e-01
3.008997000999666227e+01	3.440953382496861335e-01
3.012329223592135463e+01	4.008443686440597009e-01
3.015661446184604699e+01	3.488368851032898066e-01
3.018993668777073935e+01	4.593558274567337563e-01
3.022325891369543172e+01	4.641921761474334662e-01
3.025658113962012052e+01	2.623166224264061319e-01
3.028990336554481289e+01	1.457302167766758860e-01
3.032322559146950525e+01	4.496948377455638468e-01
3.035654781739419761e+01	4.178333059643581926e-01
3.038987004331888997e+01	3.532428865236619253e-01
3.042319226924358233e+01	5.025431674402767168e-01
3.045651449516827114e+01	3.613974801553364591e-01
3.048983672109296350e+01	4.076562130166816456e-01
3.052315894701765586e+01	3.795342985073381636e-01
3.055648117294234822e+01	2.686876693291337936e-01
3.058980339886704058e+01	5.331950107100260627e-01
3.062312562479173295e+01	4.938195714673541126e-01
3.065644785071642175e+01	3.750246797761307427e-01
3.068977007664111412e+01	3.664143826333647880e-01
3.072309230256580648e+01	3.746037254090728297e-01
3.075641452849049884e+01	5.963110549918653192e-01
3.078973675441519120e+01	4.469631565357238823e-01
3.082305898033988356e+01	4.547495504472744976e-01
3.085638120626457237e+01	2.196906649056244998e-01
3.088970343218926473e+01	4.196270045931249637e-01
3.092302565811395709e+01	3.696259420002738216e-01
3.095634788403864945e+01	5.395987616234655393e-01
3.098967010996334182e+01	3.342688579590172848e-01
3.102299233588803418e+01	3.895850008004454468e-01
3.105631456181272299e+01	3.146359252038837262e-01
3.108963678773741535e+01	1.432310374373258199e-01
3.112295901366210771e+01	3.156939439415497040e-01
3.115628123958680007e+01	5.573725615075881823e-01
3.118960346551149243e+01	5.982021811233423358e-01
3.122292569143618479e+01	4.408463233655939284e-01
3.125624791736087360e+01	1.916380137697149544e-01
3.128957014328556596e+01	4.663451836206903289e-01
3.132289236921025832e+01	3.673112697917077507e-01
3.135621459513495068e+01	4.138590214376949294e-01
3.138953682105964305e+01	3.120684896310679246e-01
3.142285904698433541e+01	4.171937782267297612e-01
3.145618127290902422e+01	3.631703735005450961e-01
3.148950349883371658e+01	4.891295556893227592e-01
3.152282572475840894e+01	3.833320385331783209e-01
3.155614795068310130e+01	2.507660908388860133e-01
3.158947017660779366e+01	2.925337361806026881e-01
3.162279240253248602e+01	4.740918735073554879e-01
3.165611462845717483e+01	4.879209864482805803e-01
3.168943685438186719e+01	5.475129056922277693e-01
3.172275908030655955e+01	3.922502836667609571e-01
3.175608130623125192e+01	4.298506901303724703e-01
3.178940353215594428e+01	3.070443352026893669e-01
3.182272575808063664e+01	4.637427384704118638e-01
3.185604798400532545e+01	3.684729414230931144e-01
3.188937020993001781e+01	3.465280697754700157e-01
3.192269243585471017e+01	3.513362601710115496e-01
3.195601466177940253e+01	3.798707238748702530e-01
3.198933688770409489e+01	4.102188738825865433e-01
3.202265911362878370e+01	5.931752863314615487e-01
3.205598133955347606e+01	4.425690890542358646e-01
3.208930356547816842e+01	3.292323377516346294e-01
3.212262579140286078e+01	3.418493322275119595e-01
3.215594801732755315e+01	1.824280741460354294e-01
3.218927024325224551e+01	1.579435542056028818e-01
3.222259246917693787e+01	4.078498460807617465e-01
3.225591469510163023e+01	5.357074479284114066e-01
3.228923692102632259e+01	5.599850590341106660e-01
3.232255914695101495e+01	3.500892178900300022e-01
3.235588137287570021e+01	2.976293741719550634e-01
3.238920359880039257e+01	4.274321208663980354e-01
3.242252582472508493e+01	3.287640513226428030e-01
3.245584805064977729e+01	3.949804050788479626e-01
3.248917027657446965e+01	4.978762165964329967e-01
3.252249250249916201e+01	3.744367314194742002e-01
3.255581472842385438e+01	5.554754089743202394e-01
3.258913695434854674e+01	4.658933888163910297e-01
3.262245918027323910e+01	1.873895117334840321e-01
3.265578140619793146e+01	4.777210975083204247e-01
3.268910363212262382e+01	4.796437025298776469e-01
3.272242585804731618e+01	4.746967653853321201e-01
3.275574808397200144e+01	4.842389879211357884e-01
3.278907030989669380e+01	4.025148355505890896e-01
3.282239253582138616e+01	3.671158587330985990e-01
3.285571476174607852e+01	4.252947699438538454e-01
3.288903698767077088e+01	2.451718136622154098e-01
3.292235921359546325e+01	3.382454134680821234e-01
3.295568143952015561e+01	3.082624528116121310e-01
3.298900366544484797e+01	4.789748975281550858e-01
3.302232589136954033e+01	5.632608146892881251e-01
3.305564811729423269e+01	4.509148727571029580e-01
3.308897034321892505e+01	3.000895893745998411e-01
3.312229256914361741e+01	5.099822809475106355e-01
3.315561479506830267e+01	3.572793833402968522e-01
3.318893702099299503e+01	3.442263726849535965e-01
3.322225924691768739e+01	3.863986760087789185e-01
3.325558147284237975e+01	3.150390971485381719e-01
3.328890369876707211e+01	3.787189315610478002e-01
3.332222592469176448e+01	3.357826421706464615e-01
3.335554815061645684e+01	4.233431160537403648e-01
3.338887037654114920e+01	3.398399791510615109e-01
3.342219260246584156e+01	4.698596310935562181e-01
3.345551482839053392e+01	4.359210966187244130e-01
3.348883705431522628e+01	2.833174597870919409e-01
3.352215928023991864e+01	3.913149472340199386e-01
3.355548150616460390e+01	3.408254346186335715e-01
3.358880373208929626e+01	4.465135728567713458e-01
3.362212595801398862e+01	5.467712969321354421e-01
3.365544818393868098e+01	4.520904238682310061e-01
3.368877040986337335e+01	4.297237006473670906e-01
3.372209263578806571e+01	3.478020779046846478e-01
3.375541486171275807e+01	5.078808455612828787e-01
3.378873708763745043e+01	3.720120758837773267e-01
3.382205931356214279e+01	2.387211436706846990e-01
3.385538153948683515e+01	5.240126685586811162e-01
3.388870376541152751e+01	1.342791983356889096e-01
3.392202599133621987e+01	5.173631783383887406e-01
3.395534821726090513e+01	4.618444863690784330e-01
3.398867044318559749e+01	2.368824537985079748e-01
3.402199266911028985e+01	3.597378465968070205e-01
3.405531489503498221e+01	2.506349889732528147e-01
3.408863712095967458e+01	4.326768678593793105e-01
3.412195934688436694e+01	3.192131057126261773e-01
3.415528157280905930e+01	4.070423683021431871e-01
3.418860379873375166e+01	3.802997857423121575e-01
3.422192602465844402e+01	4.661890456224084822e-01
3.425524825058313638e+01	3.292916510281274634e-01
3.428857047650782874e+01	4.409752241924855820e-01
3.432189270243251400e+01	4.157036186907481778e-01
3.435521492835720636e+01	5.456411724961733878e-01
3.438853715428189872e+01	3.894336977377506614e-01
3.442185938020659108e+01	3.290664962483461631e-01
3.445518160613128344e+01	4.459453767149537118e-01
3.448850383205597581e+01	4.645618054431753796e-01
3.452182605798066817e+01	4.344241473053372937e-01
3.455514828390536053e+01	3.588705427248641278e-01
3.458847050983005289e+01	2.573048185815554056e-01
3.462179273575474525e+01	3.550993531858748775e-01
3.465511496167943761e+01	5.539142976078591518e-01
3.468843718760412997e+01	4.126161393481180828e-01
3.472175941352881523e+01	5.135155280635360642e-01
3.475508163945350759e+01	4.339303736558788871e-01
3.478840386537819995e+01	3.292906471979768490e-01
3.482172609130289231e+01	3.136389258469209906e-01
3.485504831722758468e+01	2.393207684446230499e-01
3.488837054315227704e+01	4.630568688934699195e-01
3.492169276907696940e+01	5.420742942337910542e-01
3.495501499500166176e+01	3.747381510331165289e-01
3.498833722092635412e+01	3.799886358236091444e-01
3.502165944685104648e+01	4.647079209719128245e-01
3.505498167277573884e+01	2.606761340510646008e-01
3.508830389870043120e+01	3.673375456585309951e-01
3.512162612462511646e+01	3.945827970776302762e-01
3.515494835054980882e+01	3.706743942373310063e-01
3.518827057647450118e+01	4.957962075819414283e-01
3.522159280239919354e+01	3.366921267354618941e-01
3.525491502832388591e+01	4.127351680967736858e-01
3.528823725424857827e+01	3.475926585264235702e-01
3.532155948017327063e+01	2.851980699524654939e-01
3.535488170609796299e+01	3.803004151583697645e-01
3.538820393202265535e+01	4.948284405061368352e-01
3.542152615794734771e+01	3.999504267448419359e-01
3.545484838387204007e+01	3.919718149521856931e-01
3.548817060979673244e+01	5.115915878156115371e-01
3.552149283572141769e+01	3.411313238317822405e-01
3.555481506164611005e+01	4.858832927816014169e-01
3.558813728757080241e+01	4.590188440255127955e-01
3.562145951349549478e+01	2.802408014765537803e-01
3.565478173942018714e+01	4.265642264422072616e-01
3.568810396534487950e+01	2.221115858202745152e-01
3.572142619126957186e+01	4.231637045955606302e-01
3.575474841719426422e+01	3.623104451490706812e-01
3.578807064311895658e+01	3.955327670960637199e-01
3.582139286904364894e+01	5.285613422893837843e-01
3.585471509496834130e+01	4.474282760621594579e-01
3.588803732089303367e+01	4.227068560297740363e-01
3.592135954681771892e+01	3.142921129015704418e-01
3.595468177274241128e+01	3.070441354903928333e-01
3.598800399866710364e+01	2.620833547273131447e-01
3.602132622459179601e+01	4.477561634315136430e-01
3.605464845051648837e+01	3.816137551714612886e-01
3.608797067644118073e+01	4.321181078459523928e-01
3.612129290236587309e+01	4.383281391056318976e-01
3.615461512829056545e+01	4.254093905589303448e-01
3.618793735421525781e+01	3.551564357474722988e-01
3.622125958013995017e+01	4.533760926297417670e-01
3.625458180606464254e+01	3.468686374783402360e-01
3.628790403198933490e+01	3.814281411985163128e-01
3.632122625791402015e+01	3.761793908971700073e-01
3.635454848383871251e+01	4.532282711651433038e-01
3.638787070976340488e+01	3.644856180185704897e-01
3.642119293568809724e+01	3.235132761046476957e-01
3.645451516161278960e+01	5.241669749378509158e-01
3.648783738753748196e+01	2.772446366964591014e-01
3.652115961346217432e+01	4.731674584911619297e-01
3.655448183938686668e+01	4.657283743139868926e-01
3.658780406531155904e+01	4.549308124870468095e-01
3.662112629123625140e+01	4.153455799415797789e-01
3.665444851716094377e+01	3.804283543005005930e-01
3.668777074308563613e+01	4.437038174791176903e-01
3.672109296901032138e+01	2.949646431246050748e-01
3.675441519493501374e+01	3.788033853185622801e-01
3.678773742085970611e+01	4.134653858732277310e-01
3.682105964678439847e+01	3.919188175126940288e-01
3.685438187270909083e+01	4.111324187338235014e-01
3.688770409863378319e+01	5.324229342707841317e-01
3.692102632455847555e+01	3.821659025909724949e-01
3.695434855048316791e+01	3.046342766664796309e-01
3.698767077640786027e+01	3.141249901448803228e-01
3.702099300233255263e+01	4.085483465733668607e-01
3.705431522825724500e+01	3.650763351361173137e-01
3.708763745418193736e+01	3.141014335856484041e-01
3.712095968010662261e+01	3.239614444547822547e-01
3.715428190603131497e+01	5.355210905818902356e-01
3.718760413195600734e+01	5.332317074085393127e-01
3.722092635788069970e+01	3.744987192926578778e-01
3.725424858380539206e+01	2.851222220169913335e-01
3.728757080973008442e+01	4.128216771410260777e-01
3.732089303565477678e+01	4.735850227592120487e-01
3.735421526157946914e+01	3.924816970190328491e-01
3.738753748750416150e+01	3.436817281663975820e-01
3.742085971342885387e+01	4.714454792925178994e-01
3.745418193935354623e+01	4.452444376928081371e-01
3.748750416527823859e+01	3.429954847516568095e-01
3.752082639120292384e+01	3.664498969579075283e-01
3.755414861712761621e+01	3.782841232436813805e-01
3.758747084305230857e+01	3.212112706211932012e-01
3.762079306897700093e+01	3.570298412608937100e-01
3.765411529490169329e+01	3.341079471769852205e-01
3.768743752082638565e+01	3.355864926368906653e-01
3.772075974675107801e+01	3.659375090094411087e-01
3.775408197267577037e+01	5.069522027750759108e-01
3.778740419860046273e+01	2.946351517174195522e-01
3.782072642452515510e+01	4.371182894868232971e-01
3.785404865044984746e+01	3.163474247395797745e-01
3.788737087637453982e+01	3.418383515488468416e-01
3.792069310229922507e+01	3.544753864758848350e-01
3.795401532822391744e+01	3.828480706381401921e-01
3.798733755414860980e+01	4.610815932015372987e-01
3.802065978007330216e+01	3.580863712444836144e-01
3.805398200599799452e+01	6.600755747029786180e-01
3.808730423192268688e+01	4.134722544039798331e-01
3.812062645784737924e+01	4.129673526088553648e-01
3.815394868377207160e+01	4.060398988601816583e-01
3.818727090969676397e+01	4.269416183733761860e-01
3.822059313562145633e+01	3.730503934325386517e-01
3.825391536154614869e+01	5.275760926023400632e-01
3.828723758747084105e+01	3.397246333215232506e-01
3.832055981339552631e+01	3.824848861564181246e-01
3.835388203932021867e+01	3.909714110583398239e-01
3.838720426524491103e+01	3.307591882461888844e-01
3.842052649116960339e+01	4.137278501124039276e-01
3.845384871709429575e+01	4.010409163724555359e-01
3.848717094301898811e+01	4.242292820013727761e-01
3.852049316894368047e+01	4.288972420534739038e-01
3.855381539486837283e+01	3.025544514565602361e-01
3.858713762079306520e+01	3.979545107652665559e-01
3.862045984671775756e+01	4.369768945226671919e-01
3.865378207264244992e+01	4.622784733334461271e-01
3.868710429856713517e+01	5.577014024091134781e-01
3.872042652449182754e+01	3.468476411715924468e-01
3.875374875041651990e+01	3.539982322618798194e-01
3.878707097634121226e+01	4.227852857194028813e-01
3.882039320226590462e+01	3.213100483082138581e-01
3.885371542819059698e+01	5.828416524995518877e-01
3.888703765411528934e+01	3.589155032564205206e-01
3.892035988003998170e+01	3.677109298854990826e-01
3.895368210596467407e+01	3.633928551098759563e-01
3.898700433188936643e+01	3.399754543393614936e-01
3.902032655781405879e+01	3.058931347576867021e-01
3.905364878373875115e+01	4.196405514167570461e-01
3.908697100966343640e+01	5.374837510716663491e-01
3.912029323558812877e+01	3.892825668826563335e-01
3.915361546151282113e+01	3.575564481654610605e-01
3.918693768743751349e+01	3.690191349537892407e-01
3.922025991336220585e+01	4.642848978283979910e-01
3.925358213928689821e+01	3.763682373069846543e-01
3.928690436521159057e+01	5.925304499724362017e-01
3.932022659113628293e+01	4.793064369403528535e-01
3.935354881706097530e+01	3.895183761234633502e-01
3.938687104298566766e+01	3.217932007117657034e-01
3.942019326891036002e+01	2.524755129291771927e-01
3.945351549483505238e+01	4.035698888096228565e-01
3.948683772075973764e+01	4.074771239665943012e-01
3.952015994668443000e+01	3.268568104065106561e-01
3.955348217260912236e+01	4.329902699428567203e-01
3.958680439853381472e+01	3.638437238508741567e-01
3.962012662445850708e+01	2.658865724966525956e-01
3.965344885038319944e+01	4.535506551491446103e-01
3.968677107630789180e+01	3.748297701391123948e-01
3.972009330223258416e+01	4.603778801159650880e-01
3.975341552815727653e+01	2.642880901887078027e-01
3.978673775408196889e+01	4.467810017473780593e-01
3.982005998000666125e+01	3.904158348996246142e-01
3.985338220593135361e+01	2.904737543673416855e-01
3.988670443185603887e+01	3.715966405530103378e-01
3.992002665778073123e+01	4.250915591313111364e-01
3.995334888370542359e+01	3.900666383726206776e-01
3.998667110963011595e+01	4.245219780820085331e-01
4.001999333555480831e+01	2.750799733957980386e-01
4.005331556147950067e+01	4.717865155572889546e-01
4.008663778740419303e+01	4.601210668853606967e-01
4.011996001332888540e+01	4.542423460677765812e-01
4.015328223925357776e+01	3.048937123927156767e-01
4.018660446517827012e+01	3.375543670667896512e-01
4.021992669110296248e+01	4.141293190333256713e-01
4.025324891702765484e+01	3.849612531878084387e-01
4.028657114295234010e+01	3.860254216248596992e-01
4.031989336887703246e+01	4.555585603372914738e-01
4.035321559480172482e+01	3.425263785801225258e-01
4.038653782072641718e+01	3.583376892341890718e-01
4.041986004665110954e+01	4.049500195939171876e-01
4.045318227257580190e+01	4.678389293750481737e-01
4.048650449850049426e+01	3.232827364724487063e-01
4.051982672442518663e+01	4.541289493546629696e-01
4.055314895034987899e+01	3.800772304466445983e-01
4.058647117627457135e+01	3.585795225072481163e-01
4.061979340219926371e+01	4.005496050709263511e-01
4.065311562812395607e+01	4.073238928780591461e-01
4.068643785404864133e+01	4.092151620677309531e-01
4.071976007997333369e+01	3.674774002326519073e-01
4.075308230589802605e+01	4.653798469336341004e-01
4.078640453182271841e+01	4.526623686986006589e-01
4.081972675774741077e+01	3.440950346475499244e-01
4.085304898367210313e+01	3.884984909008093457e-01
4.088637120959679550e+01	2.874219594756132201e-01
4.091969343552148786e+01	4.406205494736527561e-01
4.095301566144618022e+01	3.021990632204635263e-01
4.098633788737087258e+01	3.393390375504773404e-01
4.101966011329556494e+01	3.409423640309846570e-01
4.105298233922025730e+01	3.514517184766302593e-01
4.108630456514494256e+01	4.455650720603043236e-01
4.111962679106963492e+01	3.918678779396602141e-01
4.115294901699432728e+01	3.610279078990651369e-01
4.118627124291901964e+01	3.920664921926108049e-01
4.121959346884371200e+01	4.288863324815280764e-01
4.125291569476840436e+01	3.739499683432701005e-01
4.128623792069309673e+01	4.453025798493575604e-01
4.131956014661778909e+01	3.472902852243909821e-01
4.135288237254248145e+01	3.966042114313242939e-01
4.138620459846717381e+01	4.409277004159081192e-01
4.141952682439186617e+01	3.982689887370126636e-01
4.145284905031655853e+01	3.646128594323486682e-01
4.148617127624124379e+01	3.409068673866150201e-01
4.151949350216593615e+01	4.265050380818392606e-01
4.155281572809062851e+01	3.725856449367876966e-01
4.158613795401532087e+01	4.604924909321208015e-01
4.161946017994001323e+01	4.070826786652181339e-01
4.165278240586470559e+01	4.420566944506040818e-01
4.168610463178939796e+01	4.267419355809706771e-01
4.171942685771409032e+01	4.586844551654174484e-01
4.175274908363878268e+01	4.626238503707090777e-01
4.178607130956347504e+01	4.341929564731132896e-01
4.181939353548816740e+01	3.826127582045102393e-01
4.185271576141285976e+01	3.010817405551405312e-01
4.188603798733754502e+01	2.761011239729939115e-01
4.191936021326223738e+01	5.145938690142667360e-01
4.195268243918692974e+01	3.868883929784355247e-01
4.198600466511162210e+01	2.738396041365724898e-01
4.201932689103631446e+01	3.765688154464891246e-01
4.205264911696100683e+01	2.954087773495859270e-01
4.208597134288569919e+01	3.732137259133135321e-01
4.211929356881039155e+01	3.529980011506268500e-01
4.215261579473508391e+01	3.856744738292884334e-01
4.218593802065977627e+01	3.031587527096180623e-01
4.221926024658446863e+01	3.984530955276845421e-01
4.225258247250916099e+01	4.944346520112611887e-01
4.228590469843384625e+01	2.385992054628637837e-01
4.231922692435853861e+01	3.924851416504063217e-01
4.235254915028323097e+01	4.269788298170253960e-01
4.238587137620792333e+01	3.982505648856095593e-01
4.241919360213261569e+01	3.813502398927511861e-01
4.245251582805730806e+01	3.631131840358856611e-01
4.248583805398200042e+01	4.296703578796827738e-01
4.251916027990669278e+01	4.307572440572156602e-01
4.255248250583138514e+01	3.750020353308972099e-01
4.258580473175607750e+01	4.018011538177501674e-01
4.261912695768076986e+01	4.108304490496806349e-01
4.265244918360545512e+01	4.075062537726522605e-01
4.268577140953014748e+01	4.181182596777801574e-01
4.271909363545483984e+01	3.368484418251403434e-01
4.275241586137953220e+01	3.808188491428250999e-01
4.278573808730422456e+01	3.348374045431295465e-01
4.281906031322891693e+01	3.607786451866498711e-01
4.285238253915360929e+01	3.792716337448924779e-01
4.288570476507830165e+01	4.275277494681959944e-01
4.291902699100299401e+01	2.518765072576307218e-01
4.295234921692768637e+01	3.795969719689820665e-01
4.298567144285237873e+01	3.740173489637614312e-01
4.301899366877707109e+01	4.381888859127773261e-01
4.305231589470175635e+01	4.119407082635869188e-01
4.308563812062644871e+01	3.853082591751464392e-01
4.311896034655114107e+01	3.380439100593201074e-01
4.315228257247583343e+01	3.845546719010116687e-01
4.318560479840052579e+01	4.339603832581637177e-01
4.321892702432521816e+01	3.109647004136205095e-01
4.325224925024991052e+01	4.920002512663859684e-01
4.328557147617460288e+01	4.131686749731707797e-01
4.331889370209929524e+01	3.834375134567348242e-01
4.335221592802398760e+01	3.366000606832587616e-01
4.338553815394867996e+01	3.703810809910390578e-01
4.341886037987337232e+01	4.267763857331375865e-01
4.345218260579805758e+01	3.952199407648775975e-01
4.348550483172274994e+01	3.934386000962095120e-01
4.351882705764744230e+01	4.917630784123305232e-01
4.355214928357213466e+01	4.213264653072839594e-01
4.358547150949682703e+01	3.980936753779291126e-01
4.361879373542151939e+01	4.120881128017995221e-01
4.365211596134621175e+01	2.564994853754415938e-01
4.368543818727090411e+01	4.876453711058557627e-01
4.371876041319559647e+01	4.368935920052630095e-01
4.375208263912028883e+01	4.098676577785552722e-01
4.378540486504498119e+01	4.139761250711715967e-01
4.381872709096967355e+01	2.864800004251478738e-01
4.385204931689435881e+01	4.054453165048762520e-01
4.388537154281905117e+01	4.140538866497348036e-01
4.391869376874374353e+01	3.781606571462016175e-01
4.395201599466843589e+01	4.179524243762411384e-01
4.398533822059312826e+01	3.617170531271098333e-01
4.401866044651782062e+01	3.274938756340031731e-01
4.405198267244251298e+01	2.474944251468755296e-01
4.408530489836720534e+01	2.565267823003096748e-01
4.411862712429189770e+01	3.717580078544245326e-01
4.415194935021659006e+01	3.308482616246276597e-01
4.418527157614128242e+01	4.567222712344365942e-01
4.421859380206597478e+01	4.011475988099029166e-01
4.425191602799066004e+01	4.082651110345972834e-01
4.428523825391535240e+01	3.649262404006574645e-01
4.431856047984004476e+01	3.256245754487664401e-01
4.435188270576473712e+01	3.792873988163575349e-01
4.438520493168942949e+01	4.815858906605799961e-01
4.441852715761412185e+01	3.392702973972923641e-01
4.445184938353881421e+01	3.869560980579323517e-01
4.448517160946350657e+01	4.228531298241642866e-01
4.451849383538819893e+01	4.939997346672769241e-01
4.455181606131289129e+01	4.326018877139243823e-01
4.458513828723758365e+01	3.485764803378685883e-01
4.461846051316227602e+01	3.747248156930270691e-01
4.465178273908696127e+01	3.612931167481347461e-01
4.468510496501165363e+01	4.038684126387861451e-01
4.471842719093634599e+01	4.056324974340706491e-01
4.475174941686103836e+01	3.113899929082625251e-01
4.478507164278573072e+01	3.667203818361460810e-01
4.481839386871042308e+01	3.697489125785613506e-01
4.485171609463511544e+01	2.990093045629133028e-01
4.488503832055980780e+01	3.680662508848336345e-01
4.491836054648450016e+01	3.721776442723259137e-01
4.495168277240919252e+01	4.072116495611896037e-01
4.498500499833388488e+01	3.649335023171057513e-01
4.501832722425857725e+01	3.539776151348512645e-01
4.505164945018326250e+01	4.152496357045885600e-01
4.508497167610795486e+01	4.072835383412752863e-01
4.511829390203264722e+01	3.448267711035238325e-01
4.515161612795733959e+01	3.435771833771925632e-01
4.518493835388203195e+01	4.349646465211817747e-01
4.521826057980672431e+01	3.293678445024650903e-01
4.525158280573141667e+01	3.766735442987886318e-01
4.528490503165610903e+01	3.646676440381552697e-01
4.531822725758080139e+01	4.636072212289574779e-01
4.535154948350549375e+01	3.545258616665923901e-01
4.538487170943018612e+01	4.115012672130464733e-01
4.541819393535487848e+01	4.331665949156583428e-01
4.545151616127956373e+01	4.688645830324618680e-01
4.548483838720425609e+01	4.315814340643164271e-01
4.551816061312894846e+01	3.547359226935469234e-01
4.555148283905364082e+01	3.500318263595624257e-01
4.558480506497833318e+01	3.245798438643436312e-01
4.561812729090302554e+01	4.147761622627606504e-01
4.565144951682771790e+01	4.111573011285353796e-01
4.568477174275241026e+01	4.072791402838800146e-01
4.571809396867710262e+01	4.832931306553135964e-01
4.575141619460179498e+01	3.110073302658477590e-01
4.578473842052648735e+01	4.074080648499649460e-01
4.581806064645117971e+01	3.766959104451486073e-01
4.585138287237586496e+01	4.563058938170155843e-01
4.588470509830055732e+01	2.931513704589538416e-01
4.591802732422524969e+01	4.299876058937260881e-01
4.595134955014994205e+01	3.242719395033737406e-01
4.598467177607463441e+01	4.369470875532693865e-01
4.601799400199932677e+01	4.324661519894240636e-01
4.605131622792401913e+01	2.653224363647098683e-01
4.608463845384871149e+01	4.033511362048561866e-01
4.611796067977340385e+01	4.128218710977247241e-01
4.615128290569809622e+01	3.100995657243749704e-01
4.618460513162278858e+01	5.254502518477346396e-01
4.621792735754748094e+01	4.209224001257219072e-01
4.625124958347216619e+01	4.094773786322400966e-01
4.628457180939685855e+01	3.535954926268113363e-01
4.631789403532155092e+01	2.820195530302510578e-01
4.635121626124624328e+01	4.033774459524046008e-01
4.638453848717093564e+01	4.732878631888728371e-01
4.641786071309562800e+01	3.083674592498738543e-01
4.645118293902032036e+01	3.042391863092196447e-01
4.648450516494501272e+01	3.780639211957086965e-01
4.651782739086970508e+01	4.213227124611426122e-01
4.655114961679439745e+01	3.154714271870728282e-01
4.658447184271908981e+01	3.594891197922984727e-01
4.661779406864378217e+01	4.017187260339328825e-01
4.665111629456846742e+01	3.776425799395106142e-01
4.668443852049315979e+01	3.858586446554553295e-01
4.671776074641785215e+01	4.122352150695060558e-01
4.675108297234254451e+01	3.543240378040591332e-01
4.678440519826723687e+01	3.297367278334932261e-01
4.681772742419192923e+01	4.130074968665403690e-01
4.685104965011662159e+01	3.602844232513524592e-01
4.688437187604131395e+01	4.322992884248075818e-01
4.691769410196600631e+01	2.675164570500644934e-01
4.695101632789069868e+01	3.128461769262313452e-01
4.698433855381539104e+01	3.559379410787598674e-01
4.701766077974007629e+01	4.910151847370780587e-01
4.705098300566476865e+01	4.314233643422071274e-01
4.708430523158946102e+01	3.755465507776882261e-01
4.711762745751415338e+01	4.205636570234912441e-01
4.715094968343884574e+01	3.723444679275226266e-01
4.718427190936353810e+01	4.797006203037468275e-01
4.721759413528823046e+01	4.154269458933464998e-01
4.725091636121292282e+01	3.606317999464655477e-01
4.728423858713761518e+01	5.124702414324774358e-01
4.731756081306230755e+01	3.807544931846707503e-01
4.735088303898699991e+01	4.059269723851746670e-01
4.738420526491169227e+01	3.339202827359041281e-01
4.741752749083637752e+01	2.732111047657674319e-01
4.745084971676106989e+01	3.888000507126344041e-01
4.748417194268576225e+01	4.950535312864797755e-01
4.751749416861045461e+01	4.047615278374537828e-01
4.755081639453514697e+01	4.319788237971723954e-01
4.758413862045983933e+01	3.898532057452157029e-01
4.761746084638453169e+01	3.711663325221302712e-01
4.765078307230922405e+01	3.925848443783321318e-01
4.768410529823391641e+01	4.466571537196979413e-01
4.771742752415860878e+01	5.593047724343709337e-01
4.775074975008330114e+01	4.164249698820761125e-01
4.778407197600799350e+01	3.998152562870739279e-01
4.781739420193267875e+01	4.040410667373702802e-01
4.785071642785737112e+01	2.947451983739322046e-01
4.788403865378206348e+01	3.800000210221116115e-01
4.791736087970675584e+01	3.188046729689275605e-01
4.795068310563144820e+01	3.278099249646936331e-01
4.798400533155614056e+01	3.655007806709317797e-01
4.801732755748083292e+01	5.001444909358071511e-01
4.805064978340552528e+01	3.564525470699370091e-01
4.808397200933021765e+01	3.376213324870434573e-01
4.811729423525491001e+01	4.368685138268553203e-01
4.815061646117960237e+01	3.395530713109099485e-01
4.818393868710429473e+01	4.056263954888248424e-01
4.821726091302897999e+01	3.390266595044441056e-01
4.825058313895367235e+01	4.146413517035320018e-01
4.828390536487836471e+01	4.297069693432643001e-01
4.831722759080305707e+01	3.479767251809861017e-01
4.835054981672774943e+01	3.928178779008044130e-01
4.838387204265244179e+01	4.648789030519699939e-01
4.841719426857713415e+01	3.658423594713075544e-01
4.845051649450182651e+01	3.322933492999658456e-01
4.848383872042651888e+01	3.663688600345285651e-01
4.851716094635121124e+01	4.395445066847045723e-01
4.855048317227590360e+01	4.150907908341406327e-01
4.858380539820059596e+01	3.209512140982525019e-01
4.861712762412528122e+01	4.420769390673441324e-01
4.865044985004997358e+01	4.827987643346713931e-01
4.868377207597466594e+01	2.649392373702235681e-01
4.871709430189935830e+01	3.693047341386678228e-01
4.875041652782405066e+01	3.633340799343330874e-01
4.878373875374874302e+01	3.812993341251138535e-01
4.881706097967343538e+01	5.084043173207499766e-01
4.885038320559812774e+01	3.149015945012680340e-01
4.888370543152282011e+01	3.622138488305690629e-01
4.891702765744751247e+01	3.567871776049251209e-01
4.895034988337220483e+01	3.449640531636070651e-01
4.898367210929689719e+01	4.088871746452806266e-01
4.901699433522158245e+01	3.267036290568031132e-01
4.905031656114627481e+01	3.558355934846753055e-01
4.908363878707096717e+01	3.340257778908775066e-01
4.911696101299565953e+01	4.728957277565809525e-01
4.915028323892035189e+01	4.196054993251154275e-01
4.918360546484504425e+01	3.982480347434841361e-01
4.921692769076973661e+01	4.043109441042966323e-01
4.925024991669442898e+01	3.586891223211284285e-01
4.928357214261912134e+01	4.101804191276171019e-01
4.931689436854381370e+01	3.644629287861608224e-01
4.935021659446850606e+01	3.994637482227404446e-01
4.938353882039319842e+01	3.825446083976178357e-01
4.941686104631788368e+01	4.362492883703799618e-01
4.945018327224257604e+01	3.351055165012223336e-01
4.948350549816726840e+01	4.011552411516298156e-01
4.951682772409196076e+01	3.818826308732264363e-01
4.955014995001665312e+01	4.286428847860926372e-01
4.958347217594134548e+01	3.747657157907553493e-01
4.961679440186603784e+01	5.125894973223223960e-01
4.965011662779073021e+01	3.952173831259195302e-01
4.968343885371542257e+01	3.973442393730222122e-01
4.971676107964011493e+01	3.936885856335510803e-01
4.975008330556480729e+01	4.074839162987125007e-01
4.978340553148949965e+01	3.873838636659507340e-01
4.981672775741418491e+01	3.573817016486144915e-01
4.985004998333887727e+01	4.185862695082103180e-01
4.988337220926356963e+01	4.190728734381127252e-01
4.991669443518826199e+01	3.580190865784692589e-01
4.995001666111295435e+01	3.686921545271533152e-01
4.998333888703764671e+01	4.338909593829134992e-01
