Posición angular-canales 1 y 2, Ensayo #1
Tiempo ( s )	Posición angular ( rad )
0,0000	000000
0,0100	000000
0,0200	000000
0,0300	000000
0,0400	000000
0,0500	000000
0,0600	000000
0,0700	000000
0,0800	000000
0,0900	000000
0,1000	000000
0,1100	000000
0,1200	000000
0,1300	000000
0,1400	000000
0,1500	000000
0,1600	000000
0,1700	000000
0,1800	000000
0,1900	000000
0,2000	000000
0,2100	000000
0,2200	000000
0,2300	000000
0,2400	000000
0,2500	000000
0,2600	000000
0,2700	000000
0,2800	000000
0,2900	000000
0,3000	000000
0,3100	000000
0,3200	000000
0,3300	000000
0,3400	000000
0,3500	000000
0,3600	000000
0,3700	000000
0,3800	000000
0,3900	000000
0,4000	000000
0,4100	000000
0,4200	000000
0,4300	000000
0,4400	000000
0,4500	000000
0,4600	000000
0,4700	000000
0,4800	000000
0,4900	000000
0,5000	000000
0,5100	000000
0,5200	000000
0,5300	000000
0,5400	000000
0,5500	000000
0,5600	000000
0,5700	000000
0,5800	000000
0,5900	000000
0,6000	000000
0,6100	000000
0,6200	000000
0,6300	000000
0,6400	000000
0,6500	000000
0,6600	000000
0,6700	000000
0,6800	000000
0,6900	000000
0,7000	000000
0,7100	-0,00436332
0,7200	-0,00436332
0,7300	-0,00436332
0,7400	-0,00872665
0,7500	-0,0218166
0,7600	-0,0305433
0,7700	-0,0479966
0,7800	-0,0654498
0,7900	-0,0829031
0,8000	-0,100356
0,8100	-0,122173
0,8200	-0,143990
0,8300	-0,165806
0,8400	-0,183260
0,8500	-0,205076
0,8600	-0,226893
0,8700	-0,248709
0,8800	-0,270526
0,8900	-0,292343
0,9000	-0,318523
0,9100	-0,344703
0,9200	-0,370882
0,9300	-0,401426
0,9400	-0,431969
0,9500	-0,458149
0,9600	-0,488692
0,9700	-0,514872
0,9800	-0,541052
0,9900	-0,567232
1,0000	-0,593412
1,0100	-0,610865
1,0200	-0,637045
1,0300	-0,654498
1,0400	-0,671952
1,0500	-0,689405
1,0600	-0,702495
1,0700	-0,715585
1,0800	-0,728675
1,0900	-0,746128
1,1000	-0,754855
1,1100	-0,772308
1,1200	-0,785398
1,1300	-0,794125
1,1400	-0,807215
1,1500	-0,815941
1,1600	-0,829031
1,1700	-0,842121
1,1800	-0,855211
1,1900	-0,868301
1,2000	-0,881391
1,2100	-0,894481
1,2200	-0,911935
1,2300	-0,925025
1,2400	-0,938114
1,2500	-0,951204
1,2600	-0,964294
1,2700	-0,977384
1,2800	-0,990474
1,2900	-1,00793
1,3000	-1,02538
1,3100	-1,04283
1,3200	-1,06465
1,3300	-1,08210
1,3400	-1,10392
1,3500	-1,12574
1,3600	-1,15192
1,3700	-1,17810
1,3800	-1,20864
1,3900	-1,23482
1,4000	-1,26536
1,4100	-1,30027
1,4200	-1,33081
1,4300	-1,36136
1,4400	-1,39190
1,4500	-1,41808
1,4600	-1,44862
1,4700	-1,47917
1,4800	-1,50535
1,4900	-1,53589
1,5000	-1,56643
1,5100	-1,59261
1,5200	-1,62316
1,5300	-1,64934
1,5400	-1,67988
1,5500	-1,70606
1,5600	-1,73224
1,5700	-1,75406
1,5800	-1,77587
1,5900	-1,80205
1,6000	-1,82387
1,6100	-1,84569
1,6200	-1,87187
1,6300	-1,88932
1,6400	-1,91114
1,6500	-1,93295
1,6600	-1,95041
1,6700	-1,97222
1,6800	-1,99404
1,6900	-2,01149
1,7000	-2,02895
1,7100	-2,04640
1,7200	-2,06385
1,7300	-2,08131
1,7400	-2,09876
1,7500	-2,11621
1,7600	-2,13367
1,7700	-2,15548
1,7800	-2,17293
1,7900	-2,19039
1,8000	-2,20784
1,8100	-2,22966
1,8200	-2,24711
1,8300	-2,26893
1,8400	-2,29074
1,8500	-2,30820
1,8600	-2,33001
1,8700	-2,34747
1,8800	-2,36492
1,8900	-2,37801
1,9000	-2,39983
1,9100	-2,41728
1,9200	-2,43473
1,9300	-2,44346
1,9400	-2,46091
1,9500	-2,47400
1,9600	-2,49146
1,9700	-2,50455
1,9800	-2,51764
1,9900	-2,52200
2,0000	-2,53073
2,0100	-2,53073
2,0200	-2,53073
2,0300	-2,53073
2,0400	-2,52636
2,0500	-2,52200
2,0600	-2,51327
2,0700	-2,50891
2,0800	-2,50455
2,0900	-2,50455
2,1000	-2,50455
2,1100	-2,50455
2,1200	-2,50891
2,1300	-2,51764
2,1400	-2,52200
2,1500	-2,53073
2,1600	-2,53509
2,1700	-2,53945
2,1800	-2,54382
2,1900	-2,55254
2,2000	-2,55691
2,2100	-2,56127
2,2200	-2,56563
2,2300	-2,57000
2,2400	-2,57436
2,2500	-2,57436
2,2600	-2,57436
2,2700	-2,57872
2,2800	-2,57872
2,2900	-2,57872
2,3000	-2,57872
2,3100	-2,57872
2,3200	-2,57872
2,3300	-2,57872
2,3400	-2,58309
2,3500	-2,58309
2,3600	-2,58309
2,3700	-2,58309
2,3800	-2,58309
2,3900	-2,58309
2,4000	-2,58309
2,4100	-2,58309
2,4200	-2,58309
2,4300	-2,58309
2,4400	-2,58309
2,4500	-2,58309
2,4600	-2,58745
2,4700	-2,58745
2,4800	-2,58745
2,4900	-2,58745
2,5000	-2,58745
2,5100	-2,58745
2,5200	-2,58745
2,5300	-2,58745
2,5400	-2,58745
2,5500	-2,58745
2,5600	-2,58745
2,5700	-2,58309
2,5800	-2,57436
2,5900	-2,54818
2,6000	-2,50891
2,6100	-2,47837
2,6200	-2,43473
2,6300	-2,39110
2,6400	-2,34310
2,6500	-2,29074
2,6600	-2,23838
2,6700	-2,18166
2,6800	-2,12494
2,6900	-2,06385
2,7000	-2,00277
2,7100	-1,93732
2,7200	-1,87187
2,7300	-1,80205
2,7400	-1,73224
2,7500	-1,65806
2,7600	-1,57952
2,7700	-1,50535
2,7800	-1,42681
2,7900	-1,34390
2,8000	-1,26100
2,8100	-1,17810
2,8200	-1,09519
2,8300	-1,01229
2,8400	-0,920661
2,8500	-0,829031
2,8600	-0,746128
2,8700	-0,650135
2,8800	-0,558505
2,8900	-0,471239
2,9000	-0,379609
2,9100	-0,283616
2,9200	-0,191986
2,9300	-0,0959931
2,9400	000000
2,9500	0,0916298
2,9600	0,187623
2,9700	0,279253
2,9800	0,370882
2,9900	0,462512
3,0000	0,554142
3,0100	0,645772
3,0200	0,737402
3,0300	0,824668
3,0400	0,911935
3,0500	0,999201
3,0600	1,08647
3,0700	1,16937
3,0800	1,25227
3,0900	1,33518
3,1000	1,41372
3,1100	1,48789
3,1200	1,56643
3,1300	1,64061
3,1400	1,71042
3,1500	1,78024
3,1600	1,83260
3,1700	1,89368
3,1800	1,96786
3,1900	2,03331
3,2000	2,09003
3,2100	2,15112
3,2200	2,19911
3,2300	2,25147
3,2400	2,29947
3,2500	2,34310
3,2600	2,38674
3,2700	2,42164
3,2800	2,46091
3,2900	2,49582
3,3000	2,52200
3,3100	2,54818
3,3200	2,57000
3,3300	2,59181
3,3400	2,60927
3,3500	2,62236
3,3600	2,63108
3,3700	2,63981
3,3800	2,64854
3,3900	2,65290
3,4000	2,65290
3,4100	2,65290
3,4200	2,65290
3,4300	2,64417
3,4400	2,63108
3,4500	2,61363
3,4600	2,60054
3,4700	2,57436
3,4800	2,54382
3,4900	2,51764
3,5000	2,48273
3,5100	2,44782
3,5200	2,41292
3,5300	2,36928
3,5400	2,32565
3,5500	2,28202
3,5600	2,23402
3,5700	2,18166
3,5800	2,12494
3,5900	2,06822
3,6000	2,01586
3,6100	1,95477
3,6200	1,90241
3,6300	1,84132
3,6400	1,75406
3,6500	1,67988
3,6600	1,61443
3,6700	1,52716
3,6800	1,45299
3,6900	1,37881
3,7000	1,29591
3,7100	1,21737
3,7200	1,13446
3,7300	1,04283
3,7400	0,959931
3,7500	0,877028
3,7600	0,785398
3,7700	0,702495
3,7800	0,610865
3,7900	0,519235
3,8000	0,431969
3,8100	0,344703
3,8200	0,248709
3,8300	0,157080
3,8400	0,0654498
3,8500	-0,0261799
3,8600	-0,122173
3,8700	-0,209440
3,8800	-0,301069
3,8900	-0,392699
3,9000	-0,479966
3,9100	-0,562869
3,9200	-0,658862
3,9300	-0,746128
3,9400	-0,829031
3,9500	-0,916298
3,9600	-0,999201
3,9700	-1,08210
3,9800	-1,16937
3,9900	-1,25227
4,0000	-1,32645
4,0100	-1,40499
4,0200	-1,47917
4,0300	-1,55334
4,0400	-1,62752
4,0500	-1,70170
4,0600	-1,77151
4,0700	-1,83260
4,0800	-1,89805
4,0900	-1,95913
4,1000	-2,01149
4,1100	-2,07258
4,1200	-2,12494
4,1300	-2,17730
4,1400	-2,22529
4,1500	-2,26893
4,1600	-2,31256
4,1700	-2,35183
4,1800	-2,39110
4,1900	-2,42601
4,2000	-2,45655
4,2100	-2,48709
4,2200	-2,51327
4,2300	-2,53073
4,2400	-2,53945
4,2500	-2,54382
4,2600	-2,54382
4,2700	-2,53509
4,2800	-2,51327
4,2900	-2,48273
4,3000	-2,45219
4,3100	-2,42164
4,3200	-2,38674
4,3300	-2,34310
4,3400	-2,29947
4,3500	-2,25584
4,3600	-2,20348
4,3700	-2,15112
4,3800	-2,10312
4,3900	-2,04640
4,4000	-1,98531
4,4100	-1,92859
4,4200	-1,86750
4,4300	-1,79769
4,4400	-1,73224
4,4500	-1,66679
4,4600	-1,59261
4,4700	-1,52280
4,4800	-1,44862
4,4900	-1,37008
4,5000	-1,29154
4,5100	-1,21737
4,5200	-1,13883
4,5300	-1,06029
4,5400	-0,977384
4,5500	-0,881391
4,5600	-0,802851
4,5700	-0,719948
4,5800	-0,628319
4,5900	-0,545415
4,6000	-0,458149
4,6100	-0,362156
4,6200	-0,274889
4,6300	-0,187623
4,6400	-0,0959931
4,6500	-0,00436332
4,6600	0,0829031
4,6700	0,174533
4,6800	0,266163
4,6900	0,353429
4,7000	0,440696
4,7100	0,532325
4,7200	0,619592
4,7300	0,706858
4,7400	0,794125
4,7500	0,872665
4,7600	0,959931
4,7700	1,04283
4,7800	1,12574
4,7900	1,19991
4,8000	1,27845
4,8100	1,36136
4,8200	1,43117
4,8300	1,50535
4,8400	1,57952
4,8500	1,64497
4,8600	1,71479
4,8700	1,77587
4,8800	1,82387
4,8900	1,88496
4,9000	1,95041
4,9100	2,01149
4,9200	2,06385
4,9300	2,11621
4,9400	2,17293
4,9500	2,21220
4,9600	2,25584
4,9700	2,29511
4,9800	2,33001
4,9900	2,36928
5,0000	2,39983
5,0100	2,42601
5,0200	2,45655
5,0300	2,47837
5,0400	2,50018
5,0500	2,51327
5,0600	2,52636
5,0700	2,53945
5,0800	2,54818
5,0900	2,55254
5,1000	2,55691
5,1100	2,55691
5,1200	2,55691
5,1300	2,55254
5,1400	2,54818
5,1500	2,53509
5,1600	2,51764
5,1700	2,50018
5,1800	2,47837
5,1900	2,45655
5,2000	2,42601
5,2100	2,39546
5,2200	2,36056
5,2300	2,32565
5,2400	2,29074
5,2500	2,24711
5,2600	2,19911
5,2700	2,15548
5,2800	2,10312
5,2900	2,05513
5,3000	2,00277
5,3100	1,94604
5,3200	1,89805
5,3300	1,84132
5,3400	1,76715
5,3500	1,69297
5,3600	1,62752
5,3700	1,55334
5,3800	1,47917
5,3900	1,40935
5,4000	1,33081
5,4100	1,25664
5,4200	1,18246
5,4300	1,09956
5,4400	1,01665
5,4500	0,938114
5,4600	0,855211
5,4700	0,767945
5,4800	0,680678
5,4900	0,597775
5,5000	0,514872
5,5100	0,427606
5,5200	0,340339
5,5300	0,248709
5,5400	0,161443
5,5500	0,0741765
5,5600	-0,0174533
5,5700	-0,104720
5,5800	-0,191986
5,5900	-0,279253
5,6000	-0,366519
5,6100	-0,449422
5,6200	-0,536689
5,6300	-0,628319
5,6400	-0,711222
5,6500	-0,785398
5,6600	-0,872665
5,6700	-0,959931
5,6800	-1,02974
5,6900	-1,10392
5,7000	-1,18682
5,7100	-1,27409
5,7200	-1,34390
5,7300	-1,41808
5,7400	-1,48789
5,7500	-1,55771
5,7600	-1,62316
5,7700	-1,68861
5,7800	-1,75406
5,7900	-1,81951
5,8000	-1,87623
5,8100	-1,93295
5,8200	-1,98968
5,8300	-2,04204
5,8400	-2,09003
5,8500	-2,13803
5,8600	-2,18602
5,8700	-2,22529
5,8800	-2,26020
5,8900	-2,29947
5,9000	-2,33438
5,9100	-2,36492
5,9200	-2,39546
5,9300	-2,42164
5,9400	-2,43910
5,9500	-2,46091
5,9600	-2,47837
5,9700	-2,49146
5,9800	-2,50018
5,9900	-2,50455
6,0000	-2,50455
6,0100	-2,50018
6,0200	-2,49146
6,0300	-2,47837
6,0400	-2,45655
6,0500	-2,43473
6,0600	-2,40419
6,0700	-2,37801
6,0800	-2,34310
6,0900	-2,30820
6,1000	-2,27329
6,1100	-2,22966
6,1200	-2,18602
6,1300	-2,14239
6,1400	-2,09876
6,1500	-2,04640
6,1600	-1,98968
6,1700	-1,93732
6,1800	-1,88059
6,1900	-1,81951
6,2000	-1,75842
6,2100	-1,69733
6,2200	-1,63188
6,2300	-1,56207
6,2400	-1,49662
6,2500	-1,42244
6,2600	-1,34827
6,2700	-1,27409
6,2800	-1,20428
6,2900	-1,13010
6,3000	-1,05592
6,3100	-0,973021
6,3200	-0,885755
6,3300	-0,802851
6,3400	-0,724312
6,3500	-0,637045
6,3600	-0,554142
6,3700	-0,475602
6,3800	-0,383972
6,3900	-0,296706
6,4000	-0,209440
6,4100	-0,122173
6,4200	-0,0349066
6,4300	0,0523599
6,4400	0,139626
6,4500	0,226893
6,4600	0,309796
6,4700	0,392699
6,4800	0,479966
6,4900	0,567232
6,5000	0,645772
6,5100	0,733038
6,5200	0,811578
6,5300	0,890118
6,5400	0,973021
6,5500	1,05156
6,5600	1,13010
6,5700	1,20428
6,5800	1,27845
6,5900	1,35699
6,6000	1,42681
6,6100	1,49662
6,6200	1,56207
6,6300	1,62752
6,6400	1,69297
6,6500	1,74969
6,6600	1,79769
6,6700	1,84569
6,6800	1,89805
6,6900	1,96350
6,7000	2,02458
6,7100	2,06385
6,7200	2,11621
6,7300	2,16421
6,7400	2,19475
6,7500	2,23838
6,7600	2,27329
6,7700	2,29947
6,7800	2,33001
6,7900	2,35619
6,8000	2,37801
6,8100	2,39983
6,8200	2,41728
6,8300	2,43037
6,8400	2,44346
6,8500	2,45219
6,8600	2,46091
6,8700	2,46528
6,8800	2,46528
6,8900	2,46528
6,9000	2,46528
6,9100	2,46091
6,9200	2,44782
6,9300	2,43473
6,9400	2,41728
6,9500	2,39546
6,9600	2,37365
6,9700	2,34747
6,9800	2,32129
6,9900	2,29074
7,0000	2,25584
7,0100	2,22093
7,0200	2,18166
7,0300	2,13367
7,0400	2,09003
7,0500	2,05076
7,0600	2,00277
7,0700	1,95041
7,0800	1,90677
7,0900	1,85441
7,1000	1,78024
7,1100	1,71479
7,1200	1,65806
7,1300	1,59261
7,1400	1,51844
7,1500	1,45299
7,1600	1,38754
7,1700	1,30900
7,1800	1,24355
7,1900	1,16937
7,2000	1,08647
7,2100	1,01229
7,2200	0,933751
7,2300	0,855211
7,2400	0,772308
7,2500	0,693768
7,2600	0,610865
7,2700	0,527962
7,2800	0,445059
7,2900	0,357792
7,3000	0,274889
7,3100	0,187623
7,3200	0,104720
7,3300	0,0174533
7,3400	-0,0654498
7,3500	-0,152716
7,3600	-0,235619
7,3700	-0,318523
7,3800	-0,401426
7,3900	-0,479966
7,4000	-0,558505
7,4100	-0,645772
7,4200	-0,724312
7,4300	-0,807215
7,4400	-0,885755
7,4500	-0,964294
7,4600	-1,03411
7,4700	-1,10828
7,4800	-1,18246
7,4900	-1,26973
7,5000	-1,33954
7,5100	-1,40499
7,5200	-1,47480
7,5300	-1,54025
7,5400	-1,60570
7,5500	-1,67115
7,5600	-1,72788
7,5700	-1,78460
7,5800	-1,84132
7,5900	-1,89368
7,6000	-1,94604
7,6100	-1,98968
7,6200	-2,03767
7,6300	-2,08567
7,6400	-2,12494
7,6500	-2,16421
7,6600	-2,20348
7,6700	-2,23838
7,6800	-2,26893
7,6900	-2,29947
7,7000	-2,32129
7,7100	-2,34310
7,7200	-2,36492
7,7300	-2,38237
7,7400	-2,39110
7,7500	-2,40419
7,7600	-2,41728
7,7700	-2,42164
7,7800	-2,42601
7,7900	-2,42601
7,8000	-2,42601
7,8100	-2,42601
7,8200	-2,42601
7,8300	-2,41728
7,8400	-2,40855
7,8500	-2,39110
7,8600	-2,36928
7,8700	-2,34747
7,8800	-2,32129
7,8900	-2,29511
7,9000	-2,26456
7,9100	-2,22966
7,9200	-2,19475
7,9300	-2,15548
7,9400	-2,11621
7,9500	-2,07694
7,9600	-2,02458
7,9700	-1,98095
7,9800	-1,92859
7,9900	-1,87623
8,0000	-1,82387
8,0100	-1,76715
8,0200	-1,70606
8,0300	-1,64497
8,0400	-1,58389
8,0500	-1,52280
8,0600	-1,45299
8,0700	-1,38754
8,0800	-1,31336
8,0900	-1,24355
8,1000	-1,17810
8,1100	-1,11265
8,1200	-1,03411
8,1300	-0,951204
8,1400	-0,868301
8,1500	-0,794125
8,1600	-0,711222
8,1700	-0,632682
8,1800	-0,554142
8,1900	-0,475602
8,2000	-0,388336
8,2100	-0,301069
8,2200	-0,222529
8,2300	-0,139626
8,2400	-0,0523599
8,2500	0,0305433
8,2600	0,113446
8,2700	0,200713
8,2800	0,283616
8,2900	0,357792
8,3000	0,440696
8,3100	0,527962
8,3200	0,606502
8,3300	0,685042
8,3400	0,767945
8,3500	0,842121
8,3600	0,920661
8,3700	0,999201
8,3800	1,07338
8,3900	1,14755
8,4000	1,21737
8,4100	1,28718
8,4200	1,35699
8,4300	1,42681
8,4400	1,49226
8,4500	1,55334
8,4600	1,61443
8,4700	1,67115
8,4800	1,72788
8,4900	1,77587
8,5000	1,82387
8,5100	1,87187
8,5200	1,92423
8,5300	1,97659
8,5400	2,02458
8,5500	2,06385
8,5600	2,10749
8,5700	2,14675
8,5800	2,17730
8,5900	2,20784
8,6000	2,23838
8,6100	2,26456
8,6200	2,28638
8,6300	2,30820
8,6400	2,32565
8,6500	2,33874
8,6600	2,35183
8,6700	2,36056
8,6800	2,36928
8,6900	2,37365
8,7000	2,37365
8,7100	2,37365
8,7200	2,37365
8,7300	2,36928
8,7400	2,36056
8,7500	2,34747
8,7600	2,33001
8,7700	2,31256
8,7800	2,29511
8,7900	2,26893
8,8000	2,24275
8,8100	2,21220
8,8200	2,18166
8,8300	2,14675
8,8400	2,10749
8,8500	2,07258
8,8600	2,02895
8,8700	1,98531
8,8800	1,94168
8,8900	1,90241
8,9000	1,85441
8,9100	1,79333
8,9200	1,72788
8,9300	1,67115
8,9400	1,61007
8,9500	1,54462
8,9600	1,47917
8,9700	1,41808
8,9800	1,34827
8,9900	1,28282
9,0000	1,21300
9,0100	1,14319
9,0200	1,06901
9,0300	0,994838
9,0400	0,920661
9,0500	0,842121
9,0600	0,767945
9,0700	0,689405
9,0800	0,610865
9,0900	0,527962
9,1000	0,449422
9,1100	0,370882
9,1200	0,287979
9,1300	0,200713
9,1400	0,122173
9,1500	0,0392699
9,1600	-0,0392699
9,1700	-0,122173
9,1800	-0,200713
9,1900	-0,283616
9,2000	-0,366519
9,2100	-0,445059
9,2200	-0,519235
9,2300	-0,597775
9,2400	-0,685042
9,2500	-0,759218
9,2600	-0,833395
9,2700	-0,907571
9,2800	-0,981748
9,2900	-1,04283
9,3000	-1,10828
9,3100	-1,19119
9,3200	-1,27409
9,3300	-1,33518
9,3400	-1,40063
9,3500	-1,46608
9,3600	-1,52716
9,3700	-1,58825
9,3800	-1,64934
9,3900	-1,70170
9,4000	-1,75406
9,4100	-1,81078
9,4200	-1,85878
9,4300	-1,90241
9,4400	-1,95041
9,4500	-1,99404
9,4600	-2,03331
9,4700	-2,07258
9,4800	-2,11185
9,4900	-2,14239
9,5000	-2,17293
9,5100	-2,20348
9,5200	-2,22529
9,5300	-2,25147
9,5400	-2,26893
9,5500	-2,28638
9,5600	-2,30383
9,5700	-2,31256
9,5800	-2,32565
9,5900	-2,33001
9,6000	-2,33438
9,6100	-2,33874
9,6200	-2,33874
9,6300	-2,33874
9,6400	-2,33438
9,6500	-2,33001
9,6600	-2,31692
9,6700	-2,30383
9,6800	-2,28638
9,6900	-2,26456
9,7000	-2,24275
9,7100	-2,21657
9,7200	-2,18602
9,7300	-2,15548
9,7400	-2,12494
9,7500	-2,08567
9,7600	-2,05076
9,7700	-2,00713
9,7800	-1,96786
9,7900	-1,91986
9,8000	-1,87187
9,8100	-1,82387
9,8200	-1,77151
9,8300	-1,71479
9,8400	-1,66243
9,8500	-1,60134
9,8600	-1,54462
9,8700	-1,48353
9,8800	-1,42244
9,8900	-1,35263
9,9000	-1,28718
9,9100	-1,22173
9,9200	-1,15628
9,9300	-1,09083
9,9400	-1,02102
9,9500	-0,942478
9,9600	-0,859575
9,9700	-0,789761
9,9800	-0,715585
9,9900	-0,637045
10,0000	-0,562869
10,0100	-0,488692
10,0200	-0,405789
10,0300	-0,322886
10,0400	-0,244346
10,0500	-0,161443
10,0600	-0,0785398
10,0700	000000
10,0800	0,0785398
10,0900	0,161443
10,1000	0,239983
10,1100	0,318523
10,1200	0,392699
10,1300	0,471239
10,1400	0,554142
10,1500	0,628319
10,1600	0,706858
10,1700	0,785398
10,1800	0,859575
10,1900	0,933751
10,2000	1,00356
10,2100	1,07774
10,2200	1,14755
10,2300	1,21300
10,2400	1,27845
10,2500	1,34390
10,2600	1,40935
10,2700	1,47044
10,2800	1,53153
10,2900	1,58825
10,3000	1,64061
10,3100	1,69733
10,3200	1,74969
10,3300	1,79333
10,3400	1,83260
10,3500	1,87187
10,3600	1,91986
10,3700	1,97222
10,3800	2,01149
10,3900	2,04640
10,4000	2,08131
10,4100	2,11621
10,4200	2,14239
10,4300	2,16857
10,4400	2,19039
10,4500	2,21220
10,4600	2,22966
10,4700	2,24275
10,4800	2,25584
10,4900	2,26893
10,5000	2,27329
10,5100	2,27765
10,5200	2,28202
10,5300	2,28202
10,5400	2,28202
10,5500	2,27765
10,5600	2,27329
10,5700	2,26020
10,5800	2,24711
10,5900	2,23402
10,6000	2,21220
10,6100	2,19039
10,6200	2,16421
10,6300	2,13367
10,6400	2,10312
10,6500	2,07694
10,6600	2,04204
10,6700	2,00277
10,6800	1,96786
10,6900	1,92859
10,7000	1,88932
10,7100	1,84569
10,7200	1,78896
10,7300	1,72788
10,7400	1,67552
10,7500	1,62316
10,7600	1,56207
10,7700	1,50535
10,7800	1,44426
10,7900	1,37881
10,8000	1,31772
10,8100	1,25227
10,8200	1,18682
10,8300	1,12137
10,8400	1,04720
10,8500	0,981748
10,8600	0,907571
10,8700	0,833395
10,8800	0,759218
10,8900	0,689405
10,9000	0,610865
10,9100	0,532325
10,9200	0,453786
10,9300	0,379609
10,9400	0,301069
10,9500	0,222529
10,9600	0,148353
10,9700	0,0654498
10,9800	-0,0130900
10,9900	-0,0916298
11,0000	-0,165806
11,0100	-0,244346
11,0200	-0,318523
11,0300	-0,401426
11,0400	-0,471239
11,0500	-0,541052
11,0600	-0,623955
11,0700	-0,706858
11,0800	-0,772308
11,0900	-0,846485
11,1000	-0,920661
11,1100	-0,981748
11,1200	-1,04720
11,1300	-1,11701
11,1400	-1,18246
11,1500	-1,26100
11,1600	-1,32645
11,1700	-1,37881
11,1800	-1,44862
11,1900	-1,50535
11,2000	-1,56207
11,2100	-1,61879
11,2200	-1,67115
11,2300	-1,72351
11,2400	-1,76715
11,2500	-1,81514
11,2600	-1,86314
11,2700	-1,90241
11,2800	-1,94168
11,2900	-1,98095
11,3000	-2,01586
11,3100	-2,04640
11,3200	-2,08131
11,3300	-2,10749
11,3400	-2,13367
11,3500	-2,15548
11,3600	-2,17730
11,3700	-2,19475
11,3800	-2,21220
11,3900	-2,22529
11,4000	-2,23402
11,4100	-2,24275
11,4200	-2,24711
11,4300	-2,24711
11,4400	-2,25147
11,4500	-2,25147
11,4600	-2,24711
11,4700	-2,24275
11,4800	-2,23402
11,4900	-2,22093
11,5000	-2,20348
11,5100	-2,18602
11,5200	-2,16421
11,5300	-2,14239
11,5400	-2,12058
11,5500	-2,09003
11,5600	-2,05949
11,5700	-2,02458
11,5800	-1,98531
11,5900	-1,95041
11,6000	-1,90677
11,6100	-1,86750
11,6200	-1,82387
11,6300	-1,77151
11,6400	-1,72351
11,6500	-1,67115
11,6600	-1,61879
11,6700	-1,56207
11,6800	-1,50971
11,6900	-1,45299
11,7000	-1,39190
11,7100	-1,32645
11,7200	-1,26100
11,7300	-1,20428
11,7400	-1,14319
11,7500	-1,07774
11,7600	-1,00793
11,7700	-0,933751
11,7800	-0,855211
11,7900	-0,785398
11,8000	-0,715585
11,8100	-0,641409
11,8200	-0,571595
11,8300	-0,497419
11,8400	-0,418879
11,8500	-0,340339
11,8600	-0,261799
11,8700	-0,187623
11,8800	-0,109083
11,8900	-0,0305433
11,9000	0,0479966
11,9100	0,122173
11,9200	0,200713
11,9300	0,279253
11,9400	0,349066
11,9500	0,423242
11,9600	0,501782
11,9700	0,580322
11,9800	0,650135
11,9900	0,728675
12,0000	0,798488
12,0100	0,868301
12,0200	0,938114
12,0300	1,00793
12,0400	1,07774
12,0500	1,14319
12,0600	1,20428
12,0700	1,26973
12,0800	1,33081
12,0900	1,39190
12,1000	1,44862
12,1100	1,50971
12,1200	1,56207
12,1300	1,61443
12,1400	1,66243
12,1500	1,71042
12,1600	1,75406
12,1700	1,79333
12,1800	1,82823
12,1900	1,86750
12,2000	1,90677
12,2100	1,94168
12,2200	1,97222
12,2300	2,01586
12,2400	2,04204
12,2500	2,06822
12,2600	2,09440
12,2700	2,11185
12,2800	2,13367
12,2900	2,15112
12,3000	2,15984
12,3100	2,17293
12,3200	2,18166
12,3300	2,18602
12,3400	2,19039
12,3500	2,19039
12,3600	2,19039
12,3700	2,19039
12,3800	2,18602
12,3900	2,17293
12,4000	2,16421
12,4100	2,15112
12,4200	2,12930
12,4300	2,11185
12,4400	2,09003
12,4500	2,06385
12,4600	2,03767
12,4700	2,00713
12,4800	1,98095
12,4900	1,95041
12,5000	1,91114
12,5100	1,87623
12,5200	1,83260
12,5300	1,78460
12,5400	1,73224
12,5500	1,67988
12,5600	1,63625
12,5700	1,57952
12,5800	1,52280
12,5900	1,47044
12,6000	1,40935
12,6100	1,35263
12,6200	1,29591
12,6300	1,23046
12,6400	1,16937
12,6500	1,10392
12,6600	1,03847
12,6700	0,968658
12,6800	0,898845
12,6900	0,833395
12,7000	0,759218
12,7100	0,689405
12,7200	0,615229
12,7300	0,545415
12,7400	0,471239
12,7500	0,397062
12,7600	0,327249
12,7700	0,244346
12,7800	0,170170
12,7900	0,100356
12,8000	0,0218166
12,8100	-0,0567232
12,8200	-0,126536
12,8300	-0,205076
12,8400	-0,279253
12,8500	-0,353429
12,8600	-0,427606
12,8700	-0,493056
12,8800	-0,562869
12,8900	-0,645772
12,9000	-0,715585
12,9100	-0,781035
12,9200	-0,855211
12,9300	-0,920661
12,9400	-0,986111
12,9500	-1,04283
12,9600	-1,11265
12,9700	-1,17373
12,9800	-1,24355
12,9900	-1,30900
13,0000	-1,36572
13,0100	-1,41808
13,0200	-1,47480
13,0300	-1,52716
13,0400	-1,57952
13,0500	-1,63625
13,0600	-1,67988
13,0700	-1,72351
13,0800	-1,76715
13,0900	-1,81078
13,1000	-1,85005
13,1100	-1,88496
13,1200	-1,92423
13,1300	-1,95477
13,1400	-1,98531
13,1500	-2,01586
13,1600	-2,03767
13,1700	-2,06385
13,1800	-2,08131
13,1900	-2,10312
13,2000	-2,11621
13,2100	-2,12930
13,2200	-2,14239
13,2300	-2,15112
13,2400	-2,15548
13,2500	-2,15984
13,2600	-2,15984
13,2700	-2,15984
13,2800	-2,15984
13,2900	-2,15984
13,3000	-2,15112
13,3100	-2,14239
13,3200	-2,12494
13,3300	-2,10749
13,3400	-2,09440
13,3500	-2,06822
13,3600	-2,04204
13,3700	-2,02022
13,3800	-1,99404
13,3900	-1,95913
13,4000	-1,92423
13,4100	-1,88932
13,4200	-1,85441
13,4300	-1,81078
13,4400	-1,77151
13,4500	-1,72788
13,4600	-1,67988
13,4700	-1,63188
13,4800	-1,58389
13,4900	-1,53153
13,5000	-1,47480
13,5100	-1,42681
13,5200	-1,36572
13,5300	-1,30463
13,5400	-1,24791
13,5500	-1,19119
13,5600	-1,13010
13,5700	-1,07338
13,5800	-1,00356
13,5900	-0,929388
13,6000	-0,863938
13,6100	-0,794125
13,6200	-0,724312
13,6300	-0,654498
13,6400	-0,584685
13,6500	-0,519235
13,6600	-0,445059
13,6700	-0,366519
13,6800	-0,292343
13,6900	-0,218166
13,7000	-0,148353
13,7100	-0,0698132
13,7200	0,00436332
13,7300	0,0741765
13,7400	0,152716
13,7500	0,226893
13,7600	0,296706
13,7700	0,366519
13,7800	0,440696
13,7900	0,514872
13,8000	0,584685
13,8100	0,654498
13,8200	0,724312
13,8300	0,789761
13,8400	0,855211
13,8500	0,929388
13,8600	0,990474
13,8700	1,05592
13,8800	1,12137
13,8900	1,17810
13,9000	1,23918
13,9100	1,30027
13,9200	1,35699
13,9300	1,41372
13,9400	1,46608
13,9500	1,51407
13,9600	1,56643
13,9700	1,61443
13,9800	1,65806
13,9900	1,70170
14,0000	1,74097
14,0100	1,77587
14,0200	1,80642
14,0300	1,84132
14,0400	1,87187
14,0500	1,90677
14,0600	1,93732
14,0700	1,96350
14,0800	1,98968
14,0900	2,01149
14,1000	2,03331
14,1100	2,05076
14,1200	2,06385
14,1300	2,07258
14,1400	2,08567
14,1500	2,09440
14,1600	2,09876
14,1700	2,09876
14,1800	2,09876
14,1900	2,09876
14,2000	2,09440
14,2100	2,09003
14,2200	2,08131
14,2300	2,06822
14,2400	2,05513
14,2500	2,03767
14,2600	2,01586
14,2700	1,99404
14,2800	1,96786
14,2900	1,94168
14,3000	1,91550
14,3100	1,88496
14,3200	1,85441
14,3300	1,81514
14,3400	1,77151
14,3500	1,72788
14,3600	1,67988
14,3700	1,63625
14,3800	1,58825
14,3900	1,53589
14,4000	1,48789
14,4100	1,43553
14,4200	1,37881
14,4300	1,32645
14,4400	1,26973
14,4500	1,21300
14,4600	1,15192
14,4700	1,08647
14,4800	1,02538
14,4900	0,964294
14,5000	0,898845
14,5100	0,833395
14,5200	0,763582
14,5300	0,698132
14,5400	0,628319
14,5500	0,558505
14,5600	0,484329
14,5700	0,418879
14,5800	0,349066
14,5900	0,274889
14,6000	0,200713
14,6100	0,130900
14,6200	0,0567232
14,6300	-0,0130900
14,6400	-0,0829031
14,6500	-0,157080
14,6600	-0,226893
14,6700	-0,296706
14,6800	-0,370882
14,6900	-0,440696
14,7000	-0,506145
14,7100	-0,575959
14,7200	-0,650135
14,7300	-0,715585
14,7400	-0,781035
14,7500	-0,850848
14,7600	-0,911935
14,7700	-0,973021
14,7800	-1,02974
14,7900	-1,08647
14,8000	-1,14755
14,8100	-1,21737
14,8200	-1,28282
14,8300	-1,33081
14,8400	-1,38754
14,8500	-1,43553
14,8600	-1,48789
14,8700	-1,54025
14,8800	-1,58389
14,8900	-1,62752
14,9000	-1,67115
14,9100	-1,71479
14,9200	-1,75406
14,9300	-1,78896
14,9400	-1,82387
14,9500	-1,85441
14,9600	-1,88496
14,9700	-1,91986
14,9800	-1,94168
14,9900	-1,96350
15,0000	-1,98531
15,0100	-2,00277
15,0200	-2,02022
15,0300	-2,03331
15,0400	-2,04640
15,0500	-2,05513
15,0600	-2,06385
15,0700	-2,06822
15,0800	-2,06822
15,0900	-2,06822
15,1000	-2,06822
15,1100	-2,06822
15,1200	-2,06385
15,1300	-2,05513
15,1400	-2,04204
15,1500	-2,02895
15,1600	-2,01149
15,1700	-1,99404
15,1800	-1,97222
15,1900	-1,94604
15,2000	-1,91986
15,2100	-1,89368
15,2200	-1,86314
15,2300	-1,82823
15,2400	-1,79333
15,2500	-1,75842
15,2600	-1,71915
15,2700	-1,67552
15,2800	-1,63188
15,2900	-1,58825
15,3000	-1,54462
15,3100	-1,49226
15,3200	-1,44426
15,3300	-1,39190
15,3400	-1,33518
15,3500	-1,28282
15,3600	-1,23046
15,3700	-1,17373
15,3800	-1,11701
15,3900	-1,06029
15,4000	-0,994838
15,4100	-0,929388
15,4200	-0,859575
15,4300	-0,794125
15,4400	-0,728675
15,4500	-0,663225
15,4600	-0,597775
15,4700	-0,532325
15,4800	-0,462512
15,4900	-0,392699
15,5000	-0,318523
15,5100	-0,248709
15,5200	-0,178896
15,5300	-0,104720
15,5400	-0,0349066
15,5500	0,0349066
15,5600	0,104720
15,5700	0,178896
15,5800	0,248709
15,5900	0,314159
15,6000	0,383972
15,6100	0,453786
15,6200	0,523599
15,6300	0,589049
15,6400	0,654498
15,6500	0,724312
15,6600	0,789761
15,6700	0,850848
15,6800	0,916298
15,6900	0,977384
15,7000	1,04283
15,7100	1,09956
15,7200	1,15628
15,7300	1,21300
15,7400	1,26973
15,7500	1,32209
15,7600	1,37445
15,7700	1,42681
15,7800	1,47480
15,7900	1,51844
15,8000	1,56207
15,8100	1,60570
15,8200	1,64497
15,8300	1,68424
15,8400	1,71915
15,8500	1,74969
15,8600	1,78460
15,8700	1,81078
15,8800	1,83696
15,8900	1,85878
15,9000	1,88496
15,9100	1,91114
15,9200	1,93295
15,9300	1,95041
15,9400	1,96350
15,9500	1,97659
15,9600	1,98968
15,9700	1,99840
15,9800	2,00277
15,9900	2,00713
16,0000	2,00713
16,0100	2,00713
16,0200	2,00713
16,0300	2,00277
16,0400	1,99840
16,0500	1,98531
16,0600	1,97659
16,0700	1,96350
16,0800	1,94604
16,0900	1,92859
16,1000	1,90677
16,1100	1,88496
16,1200	1,85441
16,1300	1,82387
16,1400	1,78896
16,1500	1,75406
16,1600	1,71915
16,1700	1,67552
16,1800	1,63625
16,1900	1,59261
16,2000	1,54462
16,2100	1,50535
16,2200	1,45299
16,2300	1,40499
16,2400	1,35699
16,2500	1,30463
16,2600	1,24791
16,2700	1,19555
16,2800	1,13883
16,2900	1,07774
16,3000	1,01665
16,3100	0,959931
16,3200	0,894481
16,3300	0,833395
16,3400	0,772308
16,3500	0,706858
16,3600	0,637045
16,3700	0,575959
16,3800	0,506145
16,3900	0,440696
16,4000	0,375246
16,4100	0,305433
16,4200	0,235619
16,4300	0,165806
16,4400	0,100356
16,4500	0,0305433
16,4600	-0,0392699
16,4700	-0,104720
16,4800	-0,174533
16,4900	-0,239983
16,5000	-0,309796
16,5100	-0,379609
16,5200	-0,445059
16,5300	-0,510509
16,5400	-0,575959
16,5500	-0,641409
16,5600	-0,711222
16,5700	-0,772308
16,5800	-0,837758
16,5900	-0,894481
16,6000	-0,951204
16,6100	-1,01229
16,6200	-1,06465
16,6300	-1,12137
16,6400	-1,18246
16,6500	-1,24355
16,6600	-1,29591
16,6700	-1,34390
16,6800	-1,39190
16,6900	-1,43990
16,7000	-1,48789
16,7100	-1,53153
16,7200	-1,57516
16,7300	-1,61443
16,7400	-1,64934
16,7500	-1,68861
16,7600	-1,72351
16,7700	-1,75406
16,7800	-1,78460
16,7900	-1,81078
16,8000	-1,84132
16,8100	-1,86314
16,8200	-1,88496
16,8300	-1,90677
16,8400	-1,91986
16,8500	-1,93732
16,8600	-1,94604
16,8700	-1,95913
16,8800	-1,96786
16,8900	-1,97222
16,9000	-1,97659
16,9100	-1,97659
16,9200	-1,97659
16,9300	-1,97659
16,9400	-1,97659
16,9500	-1,97222
16,9600	-1,95913
16,9700	-1,95041
16,9800	-1,93295
16,9900	-1,91550
17,0000	-1,89805
17,0100	-1,87623
17,0200	-1,85005
17,0300	-1,82387
17,0400	-1,79769
17,0500	-1,76715
17,0600	-1,73660
17,0700	-1,70606
17,0800	-1,66679
17,0900	-1,62752
17,1000	-1,58825
17,1100	-1,54462
17,1200	-1,50098
17,1300	-1,45735
17,1400	-1,40935
17,1500	-1,35699
17,1600	-1,30900
17,1700	-1,26100
17,1800	-1,20864
17,1900	-1,15628
17,2000	-1,10392
17,2100	-1,04720
17,2200	-0,986111
17,2300	-0,920661
17,2400	-0,859575
17,2500	-0,798488
17,2600	-0,737402
17,2700	-0,671952
17,2800	-0,610865
17,2900	-0,549779
17,3000	-0,484329
17,3100	-0,414516
17,3200	-0,349066
17,3300	-0,279253
17,3400	-0,213803
17,3500	-0,143990
17,3600	-0,0741765
17,3700	-0,00872665
17,3800	0,0567232
17,3900	0,126536
17,4000	0,191986
17,4100	0,257436
17,4200	0,322886
17,4300	0,388336
17,4400	0,453786
17,4500	0,523599
17,4600	0,584685
17,4700	0,650135
17,4800	0,715585
17,4900	0,776672
17,5000	0,833395
17,5100	0,898845
17,5200	0,955568
17,5300	1,01229
17,5400	1,06901
17,5500	1,12574
17,5600	1,17810
17,5700	1,22609
17,5800	1,28282
17,5900	1,33081
17,6000	1,37881
17,6100	1,42244
17,6200	1,46608
17,6300	1,50971
17,6400	1,54898
17,6500	1,58389
17,6600	1,61879
17,6700	1,65370
17,6800	1,68861
17,6900	1,71915
17,7000	1,74533
17,7100	1,76715
17,7200	1,79333
17,7300	1,81078
17,7400	1,82823
17,7500	1,84569
17,7600	1,85878
17,7700	1,87623
17,7800	1,88496
17,7900	1,89805
17,8000	1,90241
17,8100	1,90677
17,8200	1,91114
17,8300	1,91114
17,8400	1,91114
17,8500	1,91114
17,8600	1,91114
17,8700	1,90677
17,8800	1,89368
17,8900	1,88496
17,9000	1,87187
17,9100	1,85441
17,9200	1,83260
17,9300	1,81078
17,9400	1,78460
17,9500	1,75842
17,9600	1,72351
17,9700	1,68861
17,9800	1,65806
17,9900	1,62316
18,0000	1,58389
18,0100	1,54462
18,0200	1,50535
18,0300	1,46171
18,0400	1,41808
18,0500	1,37008
18,0600	1,32645
18,0700	1,27409
18,0800	1,22609
18,0900	1,17373
18,1000	1,12137
18,1100	1,06465
18,1200	1,00793
18,1300	0,955568
18,1400	0,894481
18,1500	0,833395
18,1600	0,772308
18,1700	0,711222
18,1800	0,650135
18,1900	0,589049
18,2000	0,523599
18,2100	0,458149
18,2200	0,397062
18,2300	0,331613
18,2400	0,261799
18,2500	0,200713
18,2600	0,130900
18,2700	0,0698132
18,2800	000000
18,2900	-0,0654498
18,3000	-0,126536
18,3100	-0,191986
18,3200	-0,261799
18,3300	-0,327249
18,3400	-0,388336
18,3500	-0,449422
18,3600	-0,510509
18,3700	-0,567232
18,3800	-0,632682
18,3900	-0,706858
18,4000	-0,759218
18,4100	-0,820305
18,4200	-0,881391
18,4300	-0,933751
18,4400	-0,990474
18,4500	-1,03847
18,4600	-1,09083
18,4700	-1,14319
18,4800	-1,19991
18,4900	-1,25664
18,5000	-1,30463
18,5100	-1,34827
18,5200	-1,39190
18,5300	-1,43117
18,5400	-1,47480
18,5500	-1,51844
18,5600	-1,55334
18,5700	-1,59261
18,5800	-1,62316
18,5900	-1,65806
18,6000	-1,68861
18,6100	-1,71479
18,6200	-1,74097
18,6300	-1,76278
18,6400	-1,78460
18,6500	-1,80642
18,6600	-1,82387
18,6700	-1,84132
18,6800	-1,85441
18,6900	-1,86750
18,7000	-1,87623
18,7100	-1,88059
18,7200	-1,88496
18,7300	-1,88932
18,7400	-1,88932
18,7500	-1,88932
18,7600	-1,88932
18,7700	-1,88932
18,7800	-1,88059
18,7900	-1,87187
18,8000	-1,85878
18,8100	-1,84569
18,8200	-1,82823
18,8300	-1,80642
18,8400	-1,78460
18,8500	-1,76278
18,8600	-1,73660
18,8700	-1,71042
18,8800	-1,67988
18,8900	-1,64934
18,9000	-1,61443
18,9100	-1,57952
18,9200	-1,54462
18,9300	-1,50535
18,9400	-1,46608
18,9500	-1,41808
18,9600	-1,37445
18,9700	-1,33081
18,9800	-1,28282
18,9900	-1,23482
19,0000	-1,19119
19,0100	-1,14319
19,0200	-1,09519
19,0300	-1,04283
19,0400	-0,986111
19,0500	-0,925025
19,0600	-0,868301
19,0700	-0,807215
19,0800	-0,750492
19,0900	-0,689405
19,1000	-0,628319
19,1100	-0,571595
19,1200	-0,514872
19,1300	-0,449422
19,1400	-0,379609
19,1500	-0,318523
19,1600	-0,253073
19,1700	-0,187623
19,1800	-0,122173
19,1900	-0,0567232
19,2000	0,00436332
19,2100	0,0698132
19,2200	0,135263
19,2300	0,200713
19,2400	0,261799
19,2500	0,322886
19,2600	0,383972
19,2700	0,449422
19,2800	0,514872
19,2900	0,575959
19,3000	0,637045
19,3100	0,693768
19,3200	0,754855
19,3300	0,811578
19,3400	0,868301
19,3500	0,925025
19,3600	0,977384
19,3700	1,02974
19,3800	1,08647
19,3900	1,13446
19,4000	1,18246
19,4100	1,23046
19,4200	1,27409
19,4300	1,31772
19,4400	1,36572
19,4500	1,40499
19,4600	1,44426
19,4700	1,48353
19,4800	1,51844
19,4900	1,55334
19,5000	1,58389
19,5100	1,61443
19,5200	1,64497
19,5300	1,67115
19,5400	1,69297
19,5500	1,71479
19,5600	1,73224
19,5700	1,74969
19,5800	1,76278
19,5900	1,77587
19,6000	1,78896
19,6100	1,79769
19,6200	1,80205
19,6300	1,80642
19,6400	1,81078
19,6500	1,81514
19,6600	1,81514
19,6700	1,81514
19,6800	1,81514
19,6900	1,81514
19,7000	1,80642
19,7100	1,79769
19,7200	1,78460
19,7300	1,77151
19,7400	1,74969
19,7500	1,73224
19,7600	1,70606
19,7700	1,67988
19,7800	1,65806
19,7900	1,63188
19,8000	1,59698
19,8100	1,56643
19,8200	1,53153
19,8300	1,49662
19,8400	1,45735
19,8500	1,41808
19,8600	1,37881
19,8700	1,33518
19,8800	1,29154
19,8900	1,24355
19,9000	1,19991
19,9100	1,15192
19,9200	1,09519
19,9300	1,04283
19,9400	0,994838
19,9500	0,942478
19,9600	0,885755
19,9700	0,833395
19,9800	0,772308
19,9900	0,719948
20,0000	0,658862
20,0100	0,597775
20,0200	0,532325
20,0300	0,475602
20,0400	0,414516
20,0500	0,357792
20,0600	0,292343
20,0700	0,226893
20,0800	0,165806
20,0900	0,100356
20,1000	0,0392699
20,1100	-0,0218166
20,1200	-0,0872665
20,1300	-0,148353
20,1400	-0,209440
20,1500	-0,274889
20,1600	-0,335976
20,1700	-0,397062
20,1800	-0,453786
20,1900	-0,510509
20,2000	-0,567232
20,2100	-0,628319
20,2200	-0,693768
20,2300	-0,746128
20,2400	-0,807215
20,2500	-0,863938
20,2600	-0,916298
20,2700	-0,968658
20,2800	-1,01665
20,2900	-1,06901
20,3000	-1,11701
20,3100	-1,16501
20,3200	-1,21737
20,3300	-1,26536
20,3400	-1,30900
20,3500	-1,35263
20,3600	-1,39190
20,3700	-1,43117
20,3800	-1,46608
20,3900	-1,50098
20,4000	-1,53153
20,4100	-1,56643
20,4200	-1,60134
20,4300	-1,62752
20,4400	-1,64934
20,4500	-1,67552
20,4600	-1,70170
20,4700	-1,71915
20,4800	-1,74097
20,4900	-1,75406
20,5000	-1,76715
20,5100	-1,78024
20,5200	-1,78896
20,5300	-1,79769
20,5400	-1,80205
20,5500	-1,80642
20,5600	-1,81078
20,5700	-1,81078
20,5800	-1,81078
20,5900	-1,81078
20,6000	-1,81078
20,6100	-1,80205
20,6200	-1,79333
20,6300	-1,78024
20,6400	-1,76715
20,6500	-1,74969
20,6600	-1,72788
20,6700	-1,71042
20,6800	-1,68424
20,6900	-1,66243
20,7000	-1,63625
20,7100	-1,60134
20,7200	-1,57516
20,7300	-1,54025
20,7400	-1,50535
20,7500	-1,47480
20,7600	-1,43553
20,7700	-1,39190
20,7800	-1,35263
20,7900	-1,30900
20,8000	-1,26973
20,8100	-1,23046
20,8200	-1,18246
20,8300	-1,13446
20,8400	-1,08647
20,8500	-1,03847
20,8600	-0,981748
20,8700	-0,925025
20,8800	-0,868301
20,8900	-0,815941
20,9000	-0,759218
20,9100	-0,702495
20,9200	-0,645772
20,9300	-0,589049
20,9400	-0,536689
20,9500	-0,479966
20,9600	-0,414516
20,9700	-0,353429
20,9800	-0,287979
20,9900	-0,231256
21,0000	-0,170170
21,0100	-0,104720
21,0200	-0,0436332
21,0300	0,0174533
21,0400	0,0785398
21,0500	0,139626
21,0600	0,200713
21,0700	0,261799
21,0800	0,322886
21,0900	0,379609
21,1000	0,436332
21,1100	0,501782
21,1200	0,558505
21,1300	0,615229
21,1400	0,671952
21,1500	0,733038
21,1600	0,785398
21,1700	0,837758
21,1800	0,894481
21,1900	0,942478
21,2000	0,990474
21,2100	1,04283
21,2200	1,09083
21,2300	1,13446
21,2400	1,17810
21,2500	1,22609
21,2600	1,26973
21,2700	1,30900
21,2800	1,34827
21,2900	1,38754
21,3000	1,42244
21,3100	1,45735
21,3200	1,48789
21,3300	1,51844
21,3400	1,54462
21,3500	1,57080
21,3600	1,59261
21,3700	1,61443
21,3800	1,63625
21,3900	1,65806
21,4000	1,67115
21,4100	1,68861
21,4200	1,70170
21,4300	1,70606
21,4400	1,71479
21,4500	1,72351
21,4600	1,72788
21,4700	1,73224
21,4800	1,73224
21,4900	1,73224
21,5000	1,73224
21,5100	1,73224
21,5200	1,72788
21,5300	1,71915
21,5400	1,71042
21,5500	1,69297
21,5600	1,67988
21,5700	1,65806
21,5800	1,64061
21,5900	1,61879
21,6000	1,59261
21,6100	1,56643
21,6200	1,54462
21,6300	1,51407
21,6400	1,48353
21,6500	1,44862
21,6600	1,41372
21,6700	1,37881
21,6800	1,33954
21,6900	1,30027
21,7000	1,26100
21,7100	1,21737
21,7200	1,17373
21,7300	1,12574
21,7400	1,07774
21,7500	1,03411
21,7600	0,981748
21,7700	0,933751
21,7800	0,881391
21,7900	0,829031
21,8000	0,776672
21,8100	0,719948
21,8200	0,663225
21,8300	0,606502
21,8400	0,549779
21,8500	0,493056
21,8600	0,436332
21,8700	0,379609
21,8800	0,318523
21,8900	0,257436
21,9000	0,196350
21,9100	0,135263
21,9200	0,0785398
21,9300	0,0174533
21,9400	-0,0392699
21,9500	-0,100356
21,9600	-0,161443
21,9700	-0,218166
21,9800	-0,279253
21,9900	-0,335976
22,0000	-0,397062
22,0100	-0,449422
22,0200	-0,506145
22,0300	-0,562869
22,0400	-0,619592
22,0500	-0,676315
22,0600	-0,733038
22,0700	-0,785398
22,0800	-0,837758
22,0900	-0,890118
22,1000	-0,942478
22,1100	-0,990474
22,1200	-1,03411
22,1300	-1,07774
22,1400	-1,12574
22,1500	-1,16937
22,1600	-1,21737
22,1700	-1,26536
22,1800	-1,30463
22,1900	-1,34390
22,2000	-1,37881
22,2100	-1,41372
22,2200	-1,44426
22,2300	-1,47917
22,2400	-1,50971
22,2500	-1,53589
22,2600	-1,56207
22,2700	-1,59261
22,2800	-1,61443
22,2900	-1,63188
22,3000	-1,65370
22,3100	-1,67115
22,3200	-1,68424
22,3300	-1,69733
22,3400	-1,71042
22,3500	-1,71915
22,3600	-1,72788
22,3700	-1,73224
22,3800	-1,73224
22,3900	-1,73660
22,4000	-1,73660
22,4100	-1,73660
22,4200	-1,73660
22,4300	-1,73224
22,4400	-1,72351
22,4500	-1,71479
22,4600	-1,70170
22,4700	-1,68861
22,4800	-1,67115
22,4900	-1,65370
22,5000	-1,63188
22,5100	-1,61007
22,5200	-1,58825
22,5300	-1,55771
22,5400	-1,53153
22,5500	-1,50098
22,5600	-1,47480
22,5700	-1,43990
22,5800	-1,40499
22,5900	-1,36572
22,6000	-1,32645
22,6100	-1,29154
22,6200	-1,25227
22,6300	-1,21300
22,6400	-1,16937
22,6500	-1,13010
22,6600	-1,08210
22,6700	-1,03411
22,6800	-0,986111
22,6900	-0,933751
22,7000	-0,877028
22,7100	-0,829031
22,7200	-0,776672
22,7300	-0,724312
22,7400	-0,667588
22,7500	-0,615229
22,7600	-0,562869
22,7700	-0,510509
22,7800	-0,449422
22,7900	-0,388336
22,8000	-0,331613
22,8100	-0,274889
22,8200	-0,213803
22,8300	-0,157080
22,8400	-0,0959931
22,8500	-0,0349066
22,8600	0,0218166
22,8700	0,0785398
22,8800	0,139626
22,8900	0,196350
22,9000	0,253073
22,9100	0,309796
22,9200	0,362156
22,9300	0,423242
22,9400	0,479966
22,9500	0,536689
22,9600	0,593412
22,9700	0,645772
22,9800	0,698132
22,9900	0,750492
23,0000	0,802851
23,0100	0,850848
23,0200	0,903208
23,0300	0,951204
23,0400	0,999201
23,0500	1,04720
23,0600	1,08647
23,0700	1,13010
23,0800	1,16937
23,0900	1,21300
23,1000	1,25227
23,1100	1,28718
23,1200	1,32645
23,1300	1,35699
23,1400	1,38754
23,1500	1,42244
23,1600	1,44862
23,1700	1,47480
23,1800	1,50098
23,1900	1,52280
23,2000	1,54462
23,2100	1,56643
23,2200	1,58389
23,2300	1,59698
23,2400	1,61007
23,2500	1,62316
23,2600	1,63188
23,2700	1,64061
23,2800	1,64497
23,2900	1,65370
23,3000	1,65370
23,3100	1,65806
23,3200	1,65806
23,3300	1,65806
23,3400	1,65370
23,3500	1,64934
23,3600	1,63625
23,3700	1,62752
23,3800	1,61443
23,3900	1,59698
23,4000	1,57952
23,4100	1,56207
23,4200	1,53589
23,4300	1,51844
23,4400	1,49226
23,4500	1,46608
23,4600	1,43990
23,4700	1,40935
23,4800	1,37445
23,4900	1,34390
23,5000	1,31336
23,5100	1,27409
23,5200	1,23482
23,5300	1,19555
23,5400	1,15628
23,5500	1,11265
23,5600	1,06901
23,5700	1,02538
23,5800	0,981748
23,5900	0,933751
23,6000	0,881391
23,6100	0,833395
23,6200	0,785398
23,6300	0,733038
23,6400	0,680678
23,6500	0,628319
23,6600	0,575959
23,6700	0,519235
23,6800	0,462512
23,6900	0,410152
23,7000	0,357792
23,7100	0,296706
23,7200	0,235619
23,7300	0,183260
23,7400	0,126536
23,7500	0,0654498
23,7600	0,00872665
23,7700	-0,0479966
23,7800	-0,104720
23,7900	-0,161443
23,8000	-0,213803
23,8100	-0,274889
23,8200	-0,331613
23,8300	-0,388336
23,8400	-0,440696
23,8500	-0,488692
23,8600	-0,541052
23,8700	-0,597775
23,8800	-0,645772
23,8900	-0,702495
23,9000	-0,750492
23,9100	-0,802851
23,9200	-0,855211
23,9300	-0,898845
23,9400	-0,946841
23,9500	-0,990474
23,9600	-1,03411
23,9700	-1,07338
23,9800	-1,11701
23,9900	-1,15628
24,0000	-1,19991
24,0100	-1,23918
24,0200	-1,28282
24,0300	-1,31772
24,0400	-1,34827
24,0500	-1,37881
24,0600	-1,40935
24,0700	-1,43553
24,0800	-1,46171
24,0900	-1,49226
24,1000	-1,51407
24,1100	-1,53589
24,1200	-1,55334
24,1300	-1,57516
24,1400	-1,58825
24,1500	-1,60134
24,1600	-1,61443
24,1700	-1,62316
24,1800	-1,63188
24,1900	-1,64061
24,2000	-1,64497
24,2100	-1,64934
24,2200	-1,64934
24,2300	-1,64934
24,2400	-1,64934
24,2500	-1,64934
24,2600	-1,64497
24,2700	-1,63625
24,2800	-1,63188
24,2900	-1,61879
24,3000	-1,60134
24,3100	-1,58825
24,3200	-1,57080
24,3300	-1,54898
24,3400	-1,52716
24,3500	-1,50535
24,3600	-1,47917
24,3700	-1,45299
24,3800	-1,42244
24,3900	-1,39190
24,4000	-1,36572
24,4100	-1,33081
24,4200	-1,29154
24,4300	-1,26100
24,4400	-1,23046
24,4500	-1,18682
24,4600	-1,14755
24,4700	-1,10828
24,4800	-1,06901
24,4900	-1,02538
24,5000	-0,973021
24,5100	-0,929388
24,5200	-0,881391
24,5300	-0,829031
24,5400	-0,781035
24,5500	-0,728675
24,5600	-0,680678
24,5700	-0,628319
24,5800	-0,575959
24,5900	-0,527962
24,6000	-0,471239
24,6100	-0,418879
24,6200	-0,362156
24,6300	-0,309796
24,6400	-0,248709
24,6500	-0,196350
24,6600	-0,139626
24,6700	-0,0829031
24,6800	-0,0261799
24,6900	0,0261799
24,7000	0,0829031
24,7100	0,143990
24,7200	0,196350
24,7300	0,253073
24,7400	0,305433
24,7500	0,357792
24,7600	0,410152
24,7700	0,466876
24,7800	0,519235
24,7900	0,571595
24,8000	0,623955
24,8100	0,676315
24,8200	0,724312
24,8300	0,772308
24,8400	0,820305
24,8500	0,868301
24,8600	0,916298
24,8700	0,959931
24,8800	0,999201
24,8900	1,04283
24,9000	1,08647
24,9100	1,12574
24,9200	1,16064
24,9300	1,19555
24,9400	1,23482
24,9500	1,26973
24,9600	1,30027
24,9700	1,33518
24,9800	1,36136
24,9900	1,38317
25,0000	1,41372
25,0100	1,43553
25,0200	1,45735
25,0300	1,47917
25,0400	1,49662
25,0500	1,51407
25,0600	1,52716
25,0700	1,54025
25,0800	1,55334
25,0900	1,56207
25,1000	1,57080
25,1100	1,57516
25,1200	1,57952
25,1300	1,57952
25,1400	1,57952
25,1500	1,58389
25,1600	1,57952
25,1700	1,57952
25,1800	1,57080
25,1900	1,56207
25,2000	1,55334
25,2100	1,54025
25,2200	1,52280
25,2300	1,50971
25,2400	1,48789
25,2500	1,46608
25,2600	1,44426
25,2700	1,42681
25,2800	1,40063
25,2900	1,37008
25,3000	1,34390
25,3100	1,31336
25,3200	1,28282
25,3300	1,24791
25,3400	1,21300
25,3500	1,17810
25,3600	1,13883
25,3700	1,09956
25,3800	1,06029
25,3900	1,01665
25,4000	0,977384
25,4100	0,933751
25,4200	0,885755
25,4300	0,842121
25,4400	0,794125
25,4500	0,741765
25,4600	0,698132
25,4700	0,645772
25,4800	0,597775
25,4900	0,545415
25,5000	0,493056
25,5100	0,440696
25,5200	0,388336
25,5300	0,335976
25,5400	0,279253
25,5500	0,226893
25,5600	0,170170
25,5700	0,117810
25,5800	0,0610865
25,5900	0,00872665
25,6000	-0,0479966
25,6100	-0,100356
25,6200	-0,157080
25,6300	-0,209440
25,6400	-0,261799
25,6500	-0,314159
25,6600	-0,366519
25,6700	-0,418879
25,6800	-0,466876
25,6900	-0,514872
25,7000	-0,571595
25,7100	-0,619592
25,7200	-0,671952
25,7300	-0,724312
25,7400	-0,767945
25,7500	-0,820305
25,7600	-0,859575
25,7700	-0,903208
25,7800	-0,946841
25,7900	-0,990474
25,8000	-1,02538
25,8100	-1,06901
25,8200	-1,10392
25,8300	-1,13883
25,8400	-1,18246
25,8500	-1,21737
25,8600	-1,25227
25,8700	-1,28718
25,8800	-1,31772
25,8900	-1,34390
25,9000	-1,37445
25,9100	-1,40063
25,9200	-1,41808
25,9300	-1,44426
25,9400	-1,46171
25,9500	-1,48353
25,9600	-1,50098
25,9700	-1,51407
25,9800	-1,52716
25,9900	-1,54025
26,0000	-1,54898
26,0100	-1,55771
26,0200	-1,56643
26,0300	-1,56643
26,0400	-1,57080
26,0500	-1,57080
26,0600	-1,57080
26,0700	-1,57080
26,0800	-1,57080
26,0900	-1,56643
26,1000	-1,56207
26,1100	-1,55334
26,1200	-1,54025
26,1300	-1,52716
26,1400	-1,50971
26,1500	-1,49662
26,1600	-1,47480
26,1700	-1,45299
26,1800	-1,43117
26,1900	-1,40499
26,2000	-1,37881
26,2100	-1,35699
26,2200	-1,32645
26,2300	-1,29591
26,2400	-1,26536
26,2500	-1,23482
26,2600	-1,19991
26,2700	-1,16501
26,2800	-1,13010
26,2900	-1,09083
26,3000	-1,05156
26,3100	-1,01229
26,3200	-0,968658
26,3300	-0,925025
26,3400	-0,877028
26,3500	-0,833395
26,3600	-0,789761
26,3700	-0,741765
26,3800	-0,693768
26,3900	-0,641409
26,4000	-0,593412
26,4100	-0,545415
26,4200	-0,497419
26,4300	-0,445059
26,4400	-0,392699
26,4500	-0,340339
26,4600	-0,287979
26,4700	-0,235619
26,4800	-0,178896
26,4900	-0,126536
26,5000	-0,0741765
26,5100	-0,0174533
26,5200	0,0305433
26,5300	0,0872665
26,5400	0,139626
26,5500	0,191986
26,5600	0,244346
26,5700	0,296706
26,5800	0,344703
26,5900	0,397062
26,6000	0,449422
26,6100	0,497419
26,6200	0,549779
26,6300	0,597775
26,6400	0,645772
26,6500	0,693768
26,6600	0,741765
26,6700	0,785398
26,6800	0,829031
26,6900	0,872665
26,7000	0,916298
26,7100	0,955568
26,7200	0,994838
26,7300	1,03411
26,7400	1,07338
26,7500	1,10828
26,7600	1,13883
26,7700	1,17373
26,7800	1,20864
26,7900	1,23918
26,8000	1,26536
26,8100	1,29591
26,8200	1,32209
26,8300	1,34390
26,8400	1,36572
26,8500	1,38754
26,8600	1,40935
26,8700	1,42681
26,8800	1,43990
26,8900	1,45735
26,9000	1,46608
26,9100	1,47917
26,9200	1,48789
26,9300	1,49226
26,9400	1,49662
26,9500	1,50098
26,9600	1,50535
26,9700	1,50535
26,9800	1,50535
26,9900	1,50535
27,0000	1,50098
27,0100	1,49226
27,0200	1,48353
27,0300	1,47480
27,0400	1,46608
27,0500	1,44862
27,0600	1,43117
27,0700	1,41372
27,0800	1,39626
27,0900	1,37445
27,1000	1,35263
27,1100	1,33081
27,1200	1,30463
27,1300	1,27845
27,1400	1,24791
27,1500	1,21737
27,1600	1,18682
27,1700	1,15192
27,1800	1,11701
27,1900	1,08210
27,2000	1,04283
27,2100	1,00356
27,2200	0,964294
27,2300	0,925025
27,2400	0,881391
27,2500	0,837758
27,2600	0,798488
27,2700	0,754855
27,2800	0,706858
27,2900	0,658862
27,3000	0,610865
27,3100	0,562869
27,3200	0,514872
27,3300	0,466876
27,3400	0,414516
27,3500	0,366519
27,3600	0,314159
27,3700	0,261799
27,3800	0,213803
27,3900	0,161443
27,4000	0,104720
27,4100	0,0567232
27,4200	0,00436332
27,4300	-0,0479966
27,4400	-0,100356
27,4500	-0,148353
27,4600	-0,200713
27,4700	-0,253073
27,4800	-0,305433
27,4900	-0,353429
27,5000	-0,401426
27,5100	-0,449422
27,5200	-0,497419
27,5300	-0,545415
27,5400	-0,593412
27,5500	-0,641409
27,5600	-0,689405
27,5700	-0,733038
27,5800	-0,781035
27,5900	-0,820305
27,6000	-0,863938
27,6100	-0,903208
27,6200	-0,946841
27,6300	-0,981748
27,6400	-1,01665
27,6500	-1,05592
27,6600	-1,09083
27,6700	-1,12137
27,6800	-1,15628
27,6900	-1,19119
27,7000	-1,22173
27,7100	-1,25227
27,7200	-1,28282
27,7300	-1,30900
27,7400	-1,33081
27,7500	-1,35699
27,7600	-1,37445
27,7700	-1,39190
27,7800	-1,40935
27,7900	-1,42681
27,8000	-1,43990
27,8100	-1,45299
27,8200	-1,46608
27,8300	-1,47480
27,8400	-1,48353
27,8500	-1,48789
27,8600	-1,49226
27,8700	-1,49226
27,8800	-1,49662
27,8900	-1,49662
27,9000	-1,49662
27,9100	-1,49226
27,9200	-1,48789
27,9300	-1,48353
27,9400	-1,47480
27,9500	-1,46608
27,9600	-1,45299
27,9700	-1,43553
27,9800	-1,41808
27,9900	-1,40063
28,0000	-1,38317
28,0100	-1,36136
28,0200	-1,33518
28,0300	-1,31336
28,0400	-1,28718
28,0500	-1,26100
28,0600	-1,23482
28,0700	-1,20428
28,0800	-1,17810
28,0900	-1,14319
28,1000	-1,10828
28,1100	-1,07338
28,1200	-1,03847
28,1300	-1,00356
28,1400	-0,959931
28,1500	-0,916298
28,1600	-0,877028
28,1700	-0,833395
28,1800	-0,794125
28,1900	-0,750492
28,2000	-0,702495
28,2100	-0,658862
28,2200	-0,610865
28,2300	-0,562869
28,2400	-0,519235
28,2500	-0,471239
28,2600	-0,423242
28,2700	-0,375246
28,2800	-0,322886
28,2900	-0,270526
28,3000	-0,222529
28,3100	-0,170170
28,3200	-0,117810
28,3300	-0,0698132
28,3400	-0,0218166
28,3500	0,0305433
28,3600	0,0829031
28,3700	0,130900
28,3800	0,183260
28,3900	0,231256
28,4000	0,279253
28,4100	0,331613
28,4200	0,375246
28,4300	0,427606
28,4400	0,475602
28,4500	0,519235
28,4600	0,567232
28,4700	0,610865
28,4800	0,658862
28,4900	0,702495
28,5000	0,746128
28,5100	0,789761
28,5200	0,829031
28,5300	0,868301
28,5400	0,907571
28,5500	0,942478
28,5600	0,981748
28,5700	1,02102
28,5800	1,05156
28,5900	1,08647
28,6000	1,11701
28,6100	1,14319
28,6200	1,16937
28,6300	1,19991
28,6400	1,23046
28,6500	1,25227
28,6600	1,27409
28,6700	1,30027
28,6800	1,31772
28,6900	1,33954
28,7000	1,35263
28,7100	1,37008
28,7200	1,38317
28,7300	1,39626
28,7400	1,40499
28,7500	1,41372
28,7600	1,41808
28,7700	1,42244
28,7800	1,42681
28,7900	1,43117
28,8000	1,43117
28,8100	1,43117
28,8200	1,42681
28,8300	1,42244
28,8400	1,41808
28,8500	1,40935
28,8600	1,40063
28,8700	1,38754
28,8800	1,37445
28,8900	1,35699
28,9000	1,34390
28,9100	1,32645
28,9200	1,30463
28,9300	1,28718
28,9400	1,26536
28,9500	1,23918
28,9600	1,21737
28,9700	1,19119
28,9800	1,15628
28,9900	1,12574
29,0000	1,09519
29,0100	1,06029
29,0200	1,02974
29,0300	0,990474
29,0400	0,955568
29,0500	0,916298
29,0600	0,877028
29,0700	0,842121
29,0800	0,798488
29,0900	0,759218
29,1000	0,715585
29,1100	0,671952
29,1200	0,628319
29,1300	0,580322
29,1400	0,536689
29,1500	0,488692
29,1600	0,445059
29,1700	0,397062
29,1800	0,349066
29,1900	0,301069
29,2000	0,253073
29,2100	0,200713
29,2200	0,152716
29,2300	0,104720
29,2400	0,0567232
29,2500	0,00436332
29,2600	-0,0436332
29,2700	-0,0916298
29,2800	-0,139626
29,2900	-0,187623
29,3000	-0,239983
29,3100	-0,287979
29,3200	-0,335976
29,3300	-0,383972
29,3400	-0,427606
29,3500	-0,471239
29,3600	-0,514872
29,3700	-0,562869
29,3800	-0,606502
29,3900	-0,650135
29,4000	-0,693768
29,4100	-0,737402
29,4200	-0,781035
29,4300	-0,820305
29,4400	-0,855211
29,4500	-0,894481
29,4600	-0,929388
29,4700	-0,968658
29,4800	-0,999201
29,4900	-1,02974
29,5000	-1,06465
29,5100	-1,09519
29,5200	-1,12137
29,5300	-1,15192
29,5400	-1,18246
29,5500	-1,20428
29,5600	-1,23482
29,5700	-1,25664
29,5800	-1,28282
29,5900	-1,30027
29,6000	-1,32209
29,6100	-1,33954
29,6200	-1,35263
29,6300	-1,36572
29,6400	-1,37881
29,6500	-1,38754
29,6600	-1,39626
29,6700	-1,40063
29,6800	-1,40935
29,6900	-1,41372
29,7000	-1,41372
29,7100	-1,41372
29,7200	-1,41372
29,7300	-1,41372
29,7400	-1,41372
29,7500	-1,40935
29,7600	-1,40499
29,7700	-1,39626
29,7800	-1,38317
29,7900	-1,37008
29,8000	-1,35699
29,8100	-1,34390
29,8200	-1,32645
29,8300	-1,30900
29,8400	-1,29154
29,8500	-1,26973
29,8600	-1,24791
29,8700	-1,22609
29,8800	-1,19991
29,8900	-1,17373
29,9000	-1,14755
29,9100	-1,11701
29,9200	-1,08647
29,9300	-1,05156
29,9400	-1,02102
29,9500	-0,981748
29,9600	-0,946841
29,9700	-0,911935
29,9800	-0,868301
29,9900	-0,829031
30,0000	-0,794125
